STATIONS_ID;MESS_DATUM;QN_592;ATMO_STRAHL;FD_STRAHL;FG_STRAHL;SD_STRAHL;eor
        867;20210101;    1;     -999;   143.00;   143.00;    0.0;eor
        867;20210102;    1;     -999;   153.00;   349.00;    4.1;eor
        867;20210103;    1;     -999;   119.00;   119.00;    0.0;eor
        867;20210104;    1;     -999;   150.00;   151.00;    0.0;eor
        867;20210105;    1;     -999;   156.00;   164.00;    0.2;eor
        867;20210106;    1;     -999;   166.00;   166.00;    0.0;eor
        867;20210107;    1;     -999;   118.00;   118.00;    0.0;eor
        867;20210108;    1;     -999;   176.00;   176.00;    0.0;eor
        867;20210109;    1;     -999;   243.00;   245.00;    0.0;eor
        867;20210110;    1;     -999;   229.00;   432.00;    3.9;eor
        867;20210111;    1;     -999;   224.00;   224.00;    0.0;eor
        867;20210112;    1;     -999;   101.00;   101.00;    0.0;eor
        867;20210113;    1;     -999;   219.00;   239.00;    0.7;eor
        867;20210114;    1;     -999;   248.00;   250.00;    0.0;eor
        867;20210115;    1;     -999;   257.00;   257.00;    0.0;eor
        867;20210116;    1;     -999;   241.00;   241.00;    0.0;eor
        867;20210117;    1;     -999;   310.00;   311.00;    0.0;eor
        867;20210118;    1;     -999;   218.00;   218.00;    0.0;eor
        867;20210119;    1;     -999;   122.00;   122.00;    0.0;eor
        867;20210120;    1;     -999;   348.00;   443.00;    3.2;eor
        867;20210121;    1;     -999;   227.00;   246.00;    0.4;eor
        867;20210122;    1;     -999;   140.00;   142.00;    0.0;eor
        867;20210123;    1;     -999;   227.00;   231.00;    0.0;eor
        867;20210124;    1;     -999;   206.00;   206.00;    0.0;eor
        867;20210125;    1;     -999;   388.00;   494.00;    2.4;eor
        867;20210126;    1;     -999;   238.00;   239.00;    0.0;eor
        867;20210127;    1;     -999;   306.00;   307.00;    0.0;eor
        867;20210128;    1;     -999;   134.00;   134.00;    0.0;eor
        867;20210129;    1;     -999;   118.00;   118.00;    0.0;eor
        867;20210130;    1;     -999;   292.00;   297.00;    0.1;eor
        867;20210131;    1;     -999;   184.00;   737.00;    7.9;eor
        867;20210201;    1;     -999;   178.00;   178.00;    0.0;eor
        867;20210202;    1;     -999;   109.00;   109.00;    0.0;eor
        867;20210203;    1;     -999;     -999;     -999;-999;eor
        867;20210204;    1;     -999;   291.00;   418.00;    1.5;eor
        867;20210205;    1;     -999;   206.00;   206.00;    0.0;eor
        867;20210206;    1;     -999;   107.00;   107.00;    0.0;eor
        867;20210207;    1;     -999;   169.00;   169.00;    0.0;eor
        867;20210208;    1;     -999;   486.00;   486.00;    0.0;eor
        867;20210209;    1;     -999;   438.00;   586.00;    2.7;eor
        867;20210210;    1;     -999;   473.00;   705.00;    5.3;eor
        867;20210211;    1;     -999;   535.00;   544.00;    0.2;eor
        867;20210212;    1;     -999;   299.00;   907.00;    8.0;eor
        867;20210213;    1;     -999;   205.00;  1030.00;    9.0;eor
        867;20210214;    1;     -999;   248.00;  1037.00;    9.1;eor
        867;20210215;    1;     -999;   481.00;   500.00;    0.2;eor
        867;20210216;    1;     -999;   453.00;   453.00;    0.0;eor
        867;20210217;    1;     -999;   516.00;   526.00;    0.2;eor
        867;20210218;    1;     -999;   534.00;   729.00;    3.6;eor
        867;20210219;    1;     -999;   323.00;   945.00;    8.1;eor
        867;20210220;    1;     -999;   403.00;   893.00;    7.2;eor
        867;20210221;    1;     -999;   243.00;  1096.00;    9.6;eor
        867;20210222;    1;     -999;   305.00;   307.00;    0.0;eor
        867;20210223;    1;     -999;   541.00;   934.00;    7.5;eor
        867;20210224;    1;     -999;   520.00;   984.00;    8.2;eor
        867;20210225;    1;     -999;   396.00;  1099.00;    8.9;eor
        867;20210226;    1;     -999;   380.00;   433.00;    1.3;eor
        867;20210227;    1;     -999;   497.00;   761.00;    3.7;eor
        867;20210228;    1;     -999;   288.00;  1240.00;    9.6;eor
        867;20210301;    1;     -999;   185.00;  1319.00;   10.1;eor
        867;20210302;    1;     -999;   191.00;  1352.00;   10.1;eor
        867;20210303;    1;     -999;   715.00;   851.00;    3.8;eor
        867;20210304;    1;     -999;   631.00;   905.00;    5.0;eor
        867;20210305;    1;     -999;   501.00;   970.00;    4.4;eor
        867;20210306;    1;     -999;   260.00;  1400.00;   10.3;eor
        867;20210307;    1;     -999;   222.00;  1457.00;   10.4;eor
        867;20210308;    1;     -999;   432.00;   480.00;    0.4;eor
        867;20210309;    1;     -999;   667.00;   776.00;    2.4;eor
        867;20210310;    1;     -999;   579.00;   653.00;    1.1;eor
        867;20210311;    1;     -999;   210.00;   251.00;    0.7;eor
        867;20210312;    1;     -999;   527.00;   583.00;    1.1;eor
        867;20210313;    1;     -999;   359.00;   365.00;    0.1;eor
        867;20210314;    1;     -999;   607.00;   698.00;    1.1;eor
        867;20210315;    1;     -999;   423.00;   524.00;    0.8;eor
        867;20210316;    1;     -999;   666.00;   810.00;    2.0;eor
        867;20210317;    1;     -999;   458.00;   493.00;    0.7;eor
        867;20210318;    1;     -999;     -999;     -999;-999;eor
        867;20210319;    1;     -999;   648.00;  1066.00;    4.1;eor
        867;20210320;    1;     -999;   892.00;  1323.00;    3.8;eor
        867;20210321;    1;     -999;   553.00;   645.00;    1.5;eor
        867;20210322;    1;     -999;   651.00;   826.00;    1.7;eor
        867;20210323;    1;     -999;   412.00;   412.00;    0.0;eor
        867;20210324;    1;     -999;   631.00;  1607.00;    8.5;eor
        867;20210325;    1;     -999;   807.00;  1478.00;    9.6;eor
        867;20210326;    1;     -999;   730.00;  1364.00;    6.7;eor
        867;20210327;    1;     -999;   612.00;  1166.00;    4.4;eor
        867;20210328;    1;     -999;   760.00;  1116.00;    3.3;eor
        867;20210329;    1;     -999;   444.00;  1831.00;   10.6;eor
        867;20210330;    1;     -999;   327.00;  1953.00;   11.6;eor
        867;20210331;    1;     -999;   393.00;  1886.00;   10.9;eor
        867;20210401;    1;     -999;   866.00;  1512.00;    8.0;eor
        867;20210402;    1;     -999;   792.00;  1443.00;    5.8;eor
        867;20210403;    1;     -999;   772.00;  1308.00;    5.0;eor
        867;20210404;    1;     -999;   528.00;  1981.00;   11.6;eor
        867;20210405;    1;     -999;   430.00;   442.00;    0.5;eor
        867;20210406;    1;     -999;   772.00;  1403.00;    6.3;eor
        867;20210407;    1;     -999;   543.00;   594.00;    0.6;eor
        867;20210408;    1;     -999;   864.00;   935.00;    1.1;eor
        867;20210409;    1;     -999;  1077.00;  1488.00;    6.6;eor
        867;20210410;    1;     -999;   429.00;   434.00;    0.0;eor
        867;20210411;    1;     -999;   653.00;  1336.00;    5.7;eor
        867;20210412;    1;     -999;   835.00;   859.00;    0.3;eor
        867;20210413;    1;     -999;   835.00;  1531.00;    5.9;eor
        867;20210414;    1;     -999;   905.00;  1412.00;    6.0;eor
        867;20210415;    1;     -999;   937.00;  1215.00;    2.7;eor
        867;20210416;    1;     -999;   552.00;   552.00;    0.0;eor
        867;20210417;    1;     -999;   608.00;   609.00;    0.0;eor
        867;20210418;    1;     -999;   722.00;   819.00;    0.6;eor
        867;20210419;    1;     -999;   889.00;  1089.00;    3.1;eor
        867;20210420;    1;     -999;  1015.00;  1396.00;    4.1;eor
        867;20210421;    1;     -999;   891.00;  1891.00;    8.2;eor
        867;20210422;    1;     -999;   510.00;  2418.00;   13.1;eor
        867;20210423;    1;     -999;   364.00;  2514.00;   13.2;eor
        867;20210424;    1;     -999;   805.00;  2268.00;   11.6;eor
        867;20210425;    1;     -999;   723.00;  2301.00;   11.7;eor
        867;20210426;    1;     -999;   325.00;  2610.00;   13.2;eor
        867;20210427;    1;     -999;   388.00;  2557.00;   13.5;eor
        867;20210428;    1;     -999;   534.00;  2480.00;   13.1;eor
        867;20210429;    1;     -999;   865.00;  1259.00;    3.6;eor
        867;20210430;    1;     -999;   787.00;  1454.00;    5.6;eor
        867;20210501;    1;     -999;  1030.00;  1384.00;    2.9;eor
        867;20210502;    1;     -999;   880.00;  1214.00;    2.9;eor
        867;20210503;    1;     -999;   896.00;  2035.00;    9.2;eor
        867;20210504;    1;     -999;   985.00;  1007.00;    0.2;eor
        867;20210505;    1;     -999;   769.00;  1633.00;    5.7;eor
        867;20210506;    1;     -999;   912.00;   940.00;    0.3;eor
        867;20210507;    1;     -999;   912.00;  1521.00;    5.0;eor
        867;20210508;    1;     -999;  1035.00;  2156.00;    8.0;eor
        867;20210509;    1;     -999;   533.00;  2637.00;   12.9;eor
        867;20210510;    1;     -999;   919.00;  2101.00;    8.1;eor
        867;20210511;    1;     -999;  1018.00;  1138.00;    1.9;eor
        867;20210512;    1;     -999;   726.00;   727.00;    0.0;eor
        867;20210513;    1;     -999;   978.00;   989.00;    0.0;eor
        867;20210514;    1;     -999;  1069.00;  1483.00;    3.5;eor
        867;20210515;    1;     -999;  1031.00;  1690.00;    4.5;eor
        867;20210516;    1;     -999;   921.00;  1320.00;    3.1;eor
        867;20210517;    1;     -999;   865.00;  1162.00;    2.0;eor
        867;20210518;    1;     -999;   919.00;  1505.00;    4.6;eor
        867;20210519;    1;     -999;  1060.00;  2240.00;    7.8;eor
        867;20210520;    1;     -999;  1161.00;  1814.00;    5.1;eor
        867;20210521;    1;     -999;  1259.00;  1407.00;    2.4;eor
        867;20210522;    1;     -999;   985.00;  1571.00;    5.1;eor
        867;20210523;    1;     -999;  1038.00;  1659.00;    4.9;eor
        867;20210524;    1;     -999;  1207.00;  1895.00;    5.5;eor
        867;20210525;    1;     -999;  1042.00;  1281.00;    1.8;eor
        867;20210526;    1;     -999;   635.00;   644.00;    0.4;eor
        867;20210527;    1;     -999;   511.00;   523.00;    0.2;eor
        867;20210528;    1;     -999;  1179.00;  1488.00;    2.6;eor
        867;20210529;    1;     -999;   903.00;  2090.00;    6.3;eor
        867;20210530;    1;     -999;   679.00;  2718.00;   12.9;eor
        867;20210531;    1;     -999;   404.00;  3134.00;   14.9;eor
        867;20210601;    1;     -999;   699.00;  2861.00;   14.5;eor
        867;20210602;    1;     -999;   707.00;  2752.00;   12.4;eor
        867;20210603;    1;     -999;   598.00;  2878.00;   13.6;eor
        867;20210604;    1;     -999;  1288.00;  2098.00;    4.7;eor
        867;20210605;    1;     -999;  1017.00;  1866.00;    5.2;eor
        867;20210606;    1;     -999;   869.00;   878.00;    0.1;eor
        867;20210607;    1;     -999;  1142.00;  1609.00;    3.2;eor
        867;20210608;    1;     -999;  1183.00;  2212.00;    6.6;eor
        867;20210609;    1;     -999;   870.00;  1869.00;    7.2;eor
        867;20210610;    1;     -999;  1014.00;  1868.00;    7.7;eor
        867;20210611;    1;     -999;   715.00;  2890.00;   12.9;eor
        867;20210612;    1;     -999;  1213.00;  1712.00;    7.4;eor
        867;20210613;    1;     -999;   654.00;  2795.00;   11.5;eor
        867;20210614;    1;     -999;   370.00;  3180.00;   15.1;eor
        867;20210615;    1;     -999;   928.00;  2748.00;   13.8;eor
        867;20210616;    1;     -999;   750.00;  2802.00;   14.5;eor
        867;20210617;    1;     -999;   440.00;  3075.00;   15.2;eor
        867;20210618;    1;     -999;   606.00;  2932.00;   15.0;eor
        867;20210619;    1;     -999;   935.00;  2285.00;    8.8;eor
        867;20210620;    1;     -999;  1107.00;  1393.00;    3.1;eor
        867;20210621;    1;     -999;   913.00;  2551.00;   10.2;eor
        867;20210622;    1;     -999;  1078.00;  2353.00;    8.6;eor
        867;20210623;    1;     -999;  1080.00;  1672.00;    4.0;eor
        867;20210624;    1;     -999;  1098.00;  1154.00;    1.4;eor
        867;20210625;    1;     -999;  1007.00;  1222.00;    1.5;eor
        867;20210626;    1;     -999;   942.00;  2553.00;    8.6;eor
        867;20210627;    1;     -999;   968.00;  2587.00;   12.2;eor
        867;20210628;    1;     -999;  1133.00;  2486.00;    9.5;eor
        867;20210629;    1;     -999;   839.00;  1872.00;    5.1;eor
        867;20210630;    1;     -999;  1157.00;  1523.00;    3.3;eor
        867;20210701;    1;     -999;   886.00;   899.00;    0.2;eor
        867;20210702;    1;     -999;   803.00;  1042.00;    3.3;eor
        867;20210703;    1;     -999;   612.00;  2926.00;   12.6;eor
        867;20210704;    1;     -999;  1125.00;  2293.00;    6.3;eor
        867;20210705;    1;     -999;  1192.00;  1319.00;    1.7;eor
        867;20210706;    1;     -999;   775.00;  1641.00;    6.2;eor
        867;20210707;    1;     -999;  1083.00;  1365.00;    3.2;eor
        867;20210708;    1;     -999;   942.00;   989.00;    0.7;eor
        867;20210709;    1;     -999;   721.00;   729.00;    0.1;eor
        867;20210710;    1;     -999;  1131.00;  2220.00;    7.6;eor
        867;20210711;    1;     -999;   763.00;   773.00;    0.2;eor
        867;20210712;    1;     -999;   958.00;  2182.00;    7.8;eor
        867;20210713;    1;     -999;  1089.00;  1387.00;    2.5;eor
        867;20210714;    1;     -999;   692.00;   829.00;    2.5;eor
        867;20210715;    1;     -999;  1138.00;  1379.00;    3.2;eor
        867;20210716;    1;     -999;   948.00;  2258.00;    9.2;eor
        867;20210717;    1;     -999;  1111.00;  1415.00;    4.0;eor
        867;20210718;    1;     -999;   629.00;  2788.00;   14.4;eor
        867;20210719;    1;     -999;  1189.00;  1909.00;    6.1;eor
        867;20210720;    1;     -999;   975.00;  2469.00;   10.6;eor
        867;20210721;    1;     -999;   801.00;  2640.00;   13.0;eor
        867;20210722;    1;     -999;   902.00;  2484.00;   10.3;eor
        867;20210723;    1;     -999;   829.00;  2723.00;   13.7;eor
        867;20210724;    1;     -999;  1112.00;  1863.00;    7.9;eor
        867;20210725;    1;     -999;  1148.00;  2010.00;    7.4;eor
        867;20210726;    1;     -999;  1130.00;  1629.00;    5.3;eor
        867;20210727;    1;     -999;  1303.00;  1902.00;    7.9;eor
        867;20210728;    1;     -999;  1110.00;  1441.00;    2.6;eor
        867;20210729;    1;     -999;   925.00;  1985.00;    8.9;eor
        867;20210730;    1;     -999;   589.00;  2551.00;   12.6;eor
        867;20210731;    1;     -999;   799.00;  2389.00;   11.8;eor
        867;20210801;    1;     -999;  1024.00;  1355.00;    4.1;eor
        867;20210802;    1;     -999;   917.00;  1761.00;    5.0;eor
        867;20210803;    1;     -999;   968.00;  1405.00;    3.6;eor
        867;20210804;    1;     -999;  1066.00;  1117.00;    0.4;eor
        867;20210805;    1;     -999;   905.00;  1603.00;    5.1;eor
        867;20210806;    1;     -999;   944.00;  1118.00;    1.9;eor
        867;20210807;    1;     -999;   930.00;  1123.00;    2.9;eor
        867;20210808;    1;     -999;   943.00;  1668.00;    5.8;eor
        867;20210809;    1;     -999;  1016.00;  2160.00;    8.9;eor
        867;20210810;    1;     -999;   831.00;  1787.00;    5.9;eor
        867;20210811;    1;     -999;   763.00;  2216.00;   12.1;eor
        867;20210812;    1;     -999;  1217.00;  1824.00;    8.4;eor
        867;20210813;    1;     -999;   995.00;  2057.00;   10.5;eor
        867;20210814;    1;     -999;   503.00;  2377.00;   13.0;eor
        867;20210815;    1;     -999;   703.00;  2161.00;   12.8;eor
        867;20210816;    1;     -999;   856.00;  1097.00;    2.7;eor
        867;20210817;    1;     -999;   894.00;   992.00;    1.0;eor
        867;20210818;    1;     -999;   690.00;   700.00;    0.1;eor
        867;20210819;    1;     -999;   750.00;   750.00;    0.0;eor
        867;20210820;    1;     -999;   759.00;  1707.00;    6.6;eor
        867;20210821;    1;     -999;   757.00;  2068.00;   10.4;eor
        867;20210822;    1;     -999;   611.00;   625.00;    0.2;eor
        867;20210823;    1;     -999;   549.00;   551.00;    0.0;eor
        867;20210824;    1;     -999;   805.00;  1711.00;    6.9;eor
        867;20210825;    1;     -999;   796.00;  1935.00;   10.0;eor
        867;20210826;    1;     -999;   768.00;  1383.00;    4.0;eor
        867;20210827;    1;     -999;   757.00;   771.00;    0.1;eor
        867;20210828;    1;     -999;   825.00;  1260.00;    4.2;eor
        867;20210829;    1;     -999;   516.00;   516.00;    0.0;eor
        867;20210830;    1;     -999;   873.00;  1165.00;    2.0;eor
        867;20210831;    1;     -999;   782.00;  1068.00;    3.1;eor
        867;20210901;    1;     -999;   808.00;  1511.00;    6.1;eor
        867;20210902;    1;     -999;   510.00;  2071.00;   12.0;eor
        867;20210903;    1;     -999;   363.00;  2072.00;   12.3;eor
        867;20210904;    1;     -999;   424.00;  2044.00;   11.8;eor
        867;20210905;    1;     -999;   481.00;  1984.00;   12.1;eor
        867;20210906;    1;     -999;   476.00;  1836.00;    9.8;eor
        867;20210907;    1;     -999;  1052.00;  1454.00;    5.2;eor
        867;20210908;    1;     -999;   408.00;  1897.00;   12.0;eor
        867;20210909;    1;     -999;   520.00;  1805.00;   11.2;eor
        867;20210910;    1;     -999;   664.00;  1520.00;    7.5;eor
        867;20210911;    1;     -999;   620.00;  1021.00;    3.5;eor
        867;20210912;    1;     -999;   653.00;  1313.00;    6.2;eor
        867;20210913;    1;     -999;   547.00;  1586.00;    9.0;eor
        867;20210914;    1;     -999;   611.00;  1579.00;    9.5;eor
        867;20210915;    1;     -999;   443.00;   443.00;    0.0;eor
        867;20210916;    1;     -999;   582.00;   709.00;    1.8;eor
        867;20210917;    1;     -999;   699.00;   813.00;    1.9;eor
        867;20210918;    1;     -999;   701.00;   957.00;    3.4;eor
        867;20210919;    1;     -999;   770.00;   822.00;    1.1;eor
        867;20210920;    1;     -999;   820.00;   873.00;    0.6;eor
        867;20210921;    1;     -999;   795.00;  1161.00;    3.7;eor
        867;20210922;    1;     -999;   703.00;  1149.00;    5.9;eor
        867;20210923;    1;     -999;   418.00;  1519.00;    9.6;eor
        867;20210924;    1;     -999;   485.00;   584.00;    1.5;eor
        867;20210925;    1;     -999;   485.00;  1427.00;    8.5;eor
        867;20210926;    1;     -999;   586.00;  1226.00;    7.0;eor
        867;20210927;    1;     -999;   549.00;   804.00;    2.3;eor
        867;20210928;    1;     -999;   689.00;   960.00;    3.3;eor
        867;20210929;    1;     -999;   494.00;   644.00;    1.2;eor
        867;20210930;    1;     -999;   554.00;   887.00;    5.2;eor
        867;20211001;    1;     -999;   378.00;  1351.00;   10.5;eor
        867;20211002;    1;     -999;   466.00;  1247.00;    8.0;eor
        867;20211003;    1;     -999;   554.00;   707.00;    1.5;eor
        867;20211004;    1;     -999;   309.00;   311.00;    0.0;eor
        867;20211005;    1;     -999;   252.00;   256.00;    0.1;eor
        867;20211006;    1;     -999;   610.00;   730.00;    2.4;eor
        867;20211007;    1;     -999;   395.00;  1236.00;    7.0;eor
        867;20211008;    1;     -999;   499.00;   795.00;    4.6;eor
        867;20211009;    1;     -999;   231.00;  1330.00;   10.2;eor
        867;20211010;    1;     -999;   221.00;  1302.00;    9.8;eor
        867;20211011;    1;     -999;   435.00;   490.00;    1.3;eor
        867;20211012;    1;     -999;   258.00;   263.00;    0.1;eor
        867;20211013;    1;     -999;   452.00;   871.00;    4.9;eor
        867;20211014;    1;     -999;   165.00;   165.00;    0.0;eor
        867;20211015;    1;     -999;   428.00;   525.00;    1.6;eor
        867;20211016;    1;     -999;   416.00;  1013.00;    6.5;eor
        867;20211017;    1;     -999;   330.00;   330.00;    0.0;eor
        867;20211018;    1;     -999;   345.00;   374.00;    1.5;eor
        867;20211019;    1;     -999;   149.00;   149.00;    0.0;eor
        867;20211020;    1;     -999;   401.00;   546.00;    2.5;eor
        867;20211021;    1;     -999;   501.00;   596.00;    1.8;eor
        867;20211022;    1;     -999;   350.00;   723.00;    4.0;eor
        867;20211023;    1;     -999;   406.00;   688.00;    3.2;eor
        867;20211024;    1;     -999;   163.00;  1040.00;    9.3;eor
        867;20211025;    1;     -999;   362.00;   805.00;    7.0;eor
        867;20211026;    1;     -999;     -999;     -999;-999;eor
        867;20211027;    1;     -999;   233.00;   234.00;    0.0;eor
        867;20211028;    1;     -999;   310.00;   650.00;    3.1;eor
        867;20211029;    1;     -999;   329.00;   475.00;    2.8;eor
        867;20211030;    1;     -999;   366.00;   600.00;    5.0;eor
        867;20211031;    1;     -999;   252.00;   730.00;    7.8;eor
        867;20211101;    1;     -999;   208.00;   208.00;    0.0;eor
        867;20211102;    1;     -999;   352.00;   393.00;    0.5;eor
        867;20211103;    1;     -999;   334.00;   338.00;    0.1;eor
        867;20211104;    1;     -999;   111.00;   111.00;    0.0;eor
        867;20211105;    1;     -999;   206.00;   206.00;    0.0;eor
        867;20211106;    1;     -999;   197.00;   197.00;    0.0;eor
        867;20211107;    1;     -999;    43.00;    43.00;    0.0;eor
        867;20211108;    1;     -999;   287.00;   342.00;    0.8;eor
        867;20211109;    1;     -999;     -999;     -999;-999;eor
        867;20211110;    1;     -999;     -999;     -999;-999;eor
        867;20211111;    1;  2236.00;   197.00;   722.00;    8.6;eor
        867;20211112;    1;  2713.00;   159.00;   159.00;    0.0;eor
        867;20211113;    1;  2875.00;   101.00;   103.00;    0.0;eor
        867;20211114;    1;  2896.00;   276.00;   328.00;    0.9;eor
        867;20211115;    1;  2921.00;   152.00;   152.00;    0.0;eor
        867;20211116;    1;  2858.00;   157.00;   158.00;    0.0;eor
        867;20211117;    1;  2852.00;   116.00;   116.00;    0.0;eor
        867;20211118;    1;  2884.00;   164.00;   169.00;    0.1;eor
        867;20211119;    1;  2967.00;    70.00;    70.00;    0.0;eor
        867;20211120;    1;  2974.00;   101.00;   101.00;    0.0;eor
        867;20211121;    1;  2892.00;    85.00;    87.00;    0.0;eor
        867;20211122;    1;  2476.00;   257.00;   327.00;    1.5;eor
        867;20211123;    1;  2341.00;   197.00;   524.00;    5.1;eor
        867;20211124;    1;  2600.00;   241.00;   264.00;    0.8;eor
        867;20211125;    1;  2700.00;    50.00;    51.00;    0.0;eor
        867;20211126;    1;  2692.00;   171.00;   172.00;    0.0;eor
        867;20211127;    1;  2725.00;    94.00;   100.00;    0.0;eor
        867;20211128;    1;  2605.00;   134.00;   136.00;    0.0;eor
        867;20211129;    1;  2592.00;   188.00;   190.00;    0.0;eor
        867;20211130;    1;  2780.00;    73.00;    75.00;    0.0;eor
        867;20211201;    1;  2893.00;    56.00;    56.00;    0.0;eor
        867;20211202;    1;  2582.00;   170.00;   172.00;    0.1;eor
        867;20211203;    1;  2383.00;   178.00;   183.00;    0.1;eor
        867;20211204;    1;  2755.00;   180.00;   181.00;    0.0;eor
        867;20211205;    1;  2570.00;   189.00;   194.00;    0.4;eor
        867;20211206;    1;  2514.00;   207.00;   211.00;    0.2;eor
        867;20211207;    1;  2561.00;    80.00;    81.00;    0.0;eor
        867;20211208;    1;  2650.00;    94.00;    96.00;    0.0;eor
        867;20211209;    1;  2718.00;   199.00;   199.00;    0.0;eor
        867;20211210;    1;     -999;   246.00;   266.00;    0.7;eor
        867;20211211;    1;  2508.00;   226.00;   328.00;    2.4;eor
        867;20211212;    1;  2770.00;   153.00;   153.00;    0.0;eor
        867;20211213;    1;  2880.00;   119.00;   119.00;    0.0;eor
        867;20211214;    1;  2925.00;    72.00;    76.00;    0.0;eor
        867;20211215;    1;  2911.00;    84.00;    85.00;    0.0;eor
        867;20211216;    1;  2920.00;   152.00;   152.00;    0.0;eor
        867;20211217;    1;  2521.00;   212.00;   240.00;    1.7;eor
        867;20211218;    1;  2800.00;   115.00;   116.00;    0.0;eor
        867;20211219;    1;  2788.00;   106.00;   107.00;    0.0;eor
        867;20211220;    1;  2039.00;   104.00;   482.00;    7.4;eor
        867;20211221;    1;  1908.00;   162.00;   465.00;    6.6;eor
        867;20211222;    1;  1882.00;   158.00;   448.00;    6.4;eor
        867;20211223;    1;     -999;   158.00;   161.00;    0.0;eor
        867;20211224;    1;  2853.00;    80.00;    80.00;    0.0;eor
        867;20211225;    1;  2586.00;   135.00;   137.00;    0.0;eor
        867;20211226;    1;  2657.00;   130.00;   132.00;    0.0;eor
        867;20211227;    1;  2761.00;   115.00;   118.00;    0.0;eor
        867;20211228;    1;  2877.00;    68.00;    71.00;    0.0;eor
        867;20211229;    1;  2978.00;    93.00;    95.00;    0.0;eor
        867;20211230;    1;  3128.00;    57.00;    60.00;    0.0;eor
        867;20211231;    1;  2899.00;   165.00;   396.00;    4.0;eor
        867;20220101;    1;  3056.00;   126.00;   126.00;    0.0;eor
        867;20220102;    1;     -999;   184.00;   203.00;    1.1;eor
        867;20220103;    1;  2886.00;   245.00;   306.00;    1.7;eor
        867;20220104;    1;  2961.00;    70.00;    71.00;    0.0;eor
        867;20220105;    1;  2709.00;   131.00;   155.00;    0.5;eor
        867;20220106;    1;  2200.00;   114.00;   513.00;    6.6;eor
        867;20220107;    1;  2593.00;   135.00;   138.00;    0.0;eor
        867;20220108;    1;  2649.00;   249.00;   277.00;    0.5;eor
        867;20220109;    1;     -999;   135.00;   138.00;    0.0;eor
        867;20220110;    1;  2614.00;   298.00;   305.00;    0.2;eor
        867;20220111;    1;  2677.00;   194.00;   196.00;    0.0;eor
        867;20220112;    1;     -999;   323.00;   359.00;    1.0;eor
        867;20220113;    1;  2688.00;   196.00;   197.00;    0.0;eor
        867;20220114;    1;  2691.00;   168.00;   168.00;    0.0;eor
        867;20220115;    1;  2526.00;   227.00;   227.00;    0.0;eor
        867;20220116;    1;  2696.00;    65.00;    66.00;    0.0;eor
        867;20220117;    1;  2713.00;    61.00;    61.00;    0.0;eor
        867;20220118;    1;  2748.00;   245.00;   253.00;    0.1;eor
        867;20220119;    1;  2702.00;   198.00;   229.00;    0.6;eor
        867;20220120;    1;  2461.00;   214.00;   378.00;    2.8;eor
        867;20220121;    1;  2412.00;   183.00;   185.00;    0.3;eor
        867;20220122;    1;  2802.00;   154.00;   157.00;    0.0;eor
        867;20220123;    1;     -999;   244.00;   430.00;    3.4;eor
        867;20220124;    1;  2794.00;   141.00;   144.00;    0.0;eor
        867;20220125;    1;  2736.00;    83.00;    83.00;    0.0;eor
        867;20220126;    1;  2670.00;    77.00;    79.00;    0.0;eor
        867;20220127;    1;  2697.00;    53.00;    54.00;    0.0;eor
        867;20220128;    1;  2578.00;   250.00;   253.00;    0.1;eor
        867;20220129;    1;  2834.00;    56.00;    58.00;    0.0;eor
        867;20220130;    1;  2632.00;   247.00;   255.00;    0.2;eor
        867;20220131;    1;  2730.00;   108.00;   108.00;    0.0;eor
        867;20220201;    1;  2730.00;   141.00;   144.00;    0.0;eor
        867;20220202;    1;  2558.00;   312.00;   396.00;    1.7;eor
        867;20220203;    1;  2799.00;   137.00;   137.00;    0.0;eor
        867;20220204;    1;  2781.00;   240.00;   242.00;    0.0;eor
        867;20220205;    1;  2563.00;   235.00;   248.00;    0.3;eor
        867;20220206;    1;  2826.00;    89.00;    93.00;    0.0;eor
        867;20220207;    1;  2493.00;   366.00;   544.00;    3.0;eor
        867;20220208;    1;  2804.00;    75.00;    76.00;    0.0;eor
        867;20220209;    1;     -999;   241.00;   242.00;    0.0;eor
        867;20220210;    1;  2608.00;   154.00;   191.00;    1.5;eor
        867;20220211;    1;  2655.00;   217.00;   235.00;    0.5;eor
        867;20220212;    1;  1978.00;   265.00;   912.00;    7.7;eor
        867;20220213;    1;  2042.00;   222.00;   972.00;    9.3;eor
        867;20220214;    1;     -999;   396.00;   672.00;    4.4;eor
        867;20220215;    1;     -999;   310.00;   402.00;    1.9;eor
        867;20220216;    1;  2948.00;   111.00;   115.00;    0.0;eor
        867;20220217;    1;  2680.00;   349.00;   537.00;    2.3;eor
        867;20220218;    1;  2766.00;   149.00;   153.00;    0.0;eor
        867;20220219;    1;     -999;   364.00;   941.00;    6.7;eor
        867;20220220;    1;  2877.00;   182.00;   188.00;    0.1;eor
        867;20220221;    1;     -999;   409.00;   665.00;    3.3;eor
        867;20220222;    1;  2761.00;   404.00;   436.00;    0.5;eor
        867;20220223;    1;  2145.00;   243.00;  1213.00;   10.0;eor
        867;20220224;    1;  2660.00;   463.00;   547.00;    1.3;eor
        867;20220225;    1;     -999;   431.00;   575.00;    2.2;eor
        867;20220226;    1;     -999;   507.00;   668.00;    2.0;eor
        867;20220227;    1;  2013.00;   327.00;  1038.00;    8.5;eor
        867;20220228;    1;  1989.00;   199.00;  1307.00;   10.4;eor
        867;20220301;    1;  1907.00;   267.00;  1325.00;    9.6;eor
        867;20220302;    1;  2156.00;   558.00;   952.00;    4.9;eor
        867;20220303;    1;  1952.00;   230.00;  1391.00;   10.6;eor
        867;20220304;    1;  1925.00;   325.00;  1411.00;   10.3;eor
        867;20220305;    1;     -999;   605.00;   943.00;    2.4;eor
        867;20220306;    1;     -999;   459.00;   479.00;    0.5;eor
        867;20220307;    1;  2163.00;   355.00;  1356.00;    7.8;eor
        867;20220308;    1;  1997.00;   228.00;  1522.00;   10.9;eor
        867;20220309;    1;  2073.00;   215.00;  1537.00;   11.0;eor
        867;20220310;    1;  2082.00;   225.00;  1561.00;   11.0;eor
        867;20220311;    1;  1904.00;   218.00;  1640.00;   11.1;eor
        867;20220312;    1;  1976.00;   298.00;  1592.00;   10.8;eor
        867;20220313;    1;  2023.00;   228.00;  1662.00;   11.2;eor
        867;20220314;    1;  2480.00;   383.00;   416.00;    0.8;eor
        867;20220315;    1;     -999;   470.00;   483.00;    0.0;eor
        867;20220316;    1;     -999;   788.00;  1243.00;    7.6;eor
        867;20220317;    1;  2768.00;   512.00;   519.00;    0.0;eor
        867;20220318;    1;     -999;   713.00;   998.00;    4.9;eor
        867;20220319;    1;  2182.00;   482.00;  1608.00;    8.9;eor
        867;20220320;    1;  2199.00;   446.00;  1677.00;   11.4;eor
        867;20220321;    1;  2130.00;   474.00;  1740.00;   11.5;eor
        867;20220322;    1;  2143.00;   245.00;  1887.00;   11.8;eor
        867;20220323;    1;     -999;   288.00;  1871.00;   11.8;eor
        867;20220324;    1;  2288.00;   416.00;  1825.00;   11.7;eor
        867;20220325;    1;     -999;   521.00;  1790.00;   11.6;eor
        867;20220326;    1;  2345.00;   489.00;  1834.00;   11.8;eor
        867;20220327;    1;     -999;   659.00;  1156.00;    6.3;eor
        867;20220328;    1;     -999;   502.00;  1806.00;   10.9;eor
        867;20220329;    1;  2705.00;   959.00;  1064.00;    0.4;eor
        867;20220330;    1;  2741.00;   480.00;   489.00;    0.0;eor
        867;20220331;    1;     -999;   438.00;   440.00;    0.0;eor
        867;20220401;    1;  2635.00;   493.00;   499.00;    0.0;eor
        867;20220402;    1;  2526.00;   923.00;   981.00;    0.3;eor
        867;20220403;    1;  2056.00;   719.00;  1842.00;    8.8;eor
        867;20220404;    1;  2464.00;   906.00;  1132.00;    3.5;eor
        867;20220405;    1;  2885.00;   121.00;   129.00;    0.0;eor
        867;20220406;    1;  2873.00;   843.00;  1029.00;    2.2;eor
        867;20220407;    1;  2772.00;   397.00;   462.00;    2.0;eor
        867;20220408;    1;  2676.00;   520.00;   565.00;    1.0;eor
        867;20220409;    1;  2455.00;   691.00;  1210.00;    4.0;eor
        867;20220410;    1;  2395.00;   777.00;  1313.00;    4.5;eor
        867;20220411;    1;     -999;   511.00;  2213.00;   12.6;eor
        867;20220412;    1;     -999;   709.00;  2153.00;   11.6;eor
        867;20220413;    1;  2651.00;  1123.00;  1759.00;    8.6;eor
        867;20220414;    1;  2811.00;   841.00;  1558.00;    6.3;eor
        867;20220415;    1;  2679.00;   655.00;  2120.00;    8.2;eor
        867;20220416;    1;  2338.00;   303.00;  2332.00;   10.8;eor
        867;20220417;    1;     -999;   613.00;  2322.00;   13.0;eor
        867;20220418;    1;  2298.00;   551.00;  2370.00;   13.1;eor
        867;20220419;    1;     -999;   595.00;  2269.00;   12.3;eor
        867;20220420;    1;  2425.00;   741.00;  2103.00;    9.0;eor
        867;20220421;    1;  2816.00;  1119.00;  1382.00;    2.8;eor
        867;20220422;    1;  2571.00;   909.00;  2046.00;    8.8;eor
        867;20220423;    1;  2719.00;  1084.00;  1770.00;    6.4;eor
        867;20220424;    1;     -999;   523.00;   533.00;    0.1;eor
        867;20220425;    1;     -999;   874.00;  1106.00;    3.2;eor
        867;20220426;    1;  2958.00;   350.00;   358.00;    0.0;eor
        867;20220427;    1;     -999;   962.00;  1719.00;    5.1;eor
        867;20220428;    1;  2551.00;  1113.00;  2299.00;    9.2;eor
        867;20220429;    1;     -999;  1283.00;  2056.00;    8.0;eor
        867;20220430;    1;  2900.00;  1174.00;  1491.00;    4.3;eor
        867;20220501;    1;  2831.00;   839.00;  1819.00;    5.3;eor
        867;20220502;    1;  2748.00;  1071.00;  2197.00;    9.4;eor
        867;20220503;    1;  2789.00;  1105.00;  2239.00;    8.5;eor
        867;20220504;    1;  2880.00;   916.00;  1647.00;    5.5;eor
        867;20220505;    1;  2852.00;  1206.00;  1603.00;    4.6;eor
        867;20220506;    1;  2656.00;  1014.00;  2158.00;    8.4;eor
        867;20220507;    1;     -999;   935.00;  2113.00;    9.6;eor
        867;20220508;    1;  2746.00;  1074.00;  1956.00;    9.1;eor
        867;20220509;    1;  2692.00;   585.00;  2841.00;   14.3;eor
        867;20220510;    1;  2938.00;  1122.00;  2203.00;    9.2;eor
        867;20220511;    1;  2988.00;   656.00;  2569.00;   12.0;eor
        867;20220512;    1;  2945.00;   955.00;  2271.00;    9.8;eor
        867;20220513;    1;  2645.00;   795.00;  2783.00;   13.9;eor
        867;20220514;    1;  2628.00;   622.00;  2724.00;   14.1;eor
        867;20220515;    1;  2698.00;   572.00;  2794.00;   14.2;eor
        867;20220516;    1;  3054.00;   927.00;  1571.00;    6.6;eor
        867;20220517;    1;  3081.00;  1071.00;  1932.00;    7.4;eor
        867;20220518;    1;  3049.00;   801.00;  2584.00;   10.7;eor
        867;20220519;    1;  2999.00;  1016.00;  2487.00;   12.6;eor
        867;20220520;    1;  3142.00;   938.00;  1887.00;    7.0;eor
        867;20220521;    1;  2926.00;  1143.00;  2024.00;    7.0;eor
        867;20220522;    1;  2725.00;   867.00;  2939.00;   13.4;eor
        867;20220523;    1;  3098.00;  1285.00;  1724.00;    2.7;eor
        867;20220524;    1;  2973.00;  1032.00;  1745.00;    6.2;eor
        867;20220525;    1;  2798.00;   836.00;  2099.00;    8.1;eor
        867;20220526;    1;  3079.00;  1236.00;  1519.00;    2.2;eor
        867;20220527;    1;     -999;   728.00;  1188.00;    3.5;eor
        867;20220528;    1;     -999;  1015.00;  2436.00;    9.9;eor
        867;20220529;    1;  2561.00;   752.00;  2856.00;   11.1;eor
        867;20220530;    1;     -999;  1174.00;  2310.00;    9.7;eor
        867;20220531;    1;     -999;   838.00;  2415.00;   11.8;eor
        867;20220601;    1;  2674.00;   952.00;  2467.00;   11.6;eor
        867;20220602;    1;  2528.00;   646.00;  3072.00;   15.3;eor
        867;20220603;    1;  3061.00;   997.00;  2574.00;    9.8;eor
        867;20220604;    1;  3102.00;  1179.00;  1938.00;    8.2;eor
        867;20220605;    1;  3162.00;  1096.00;  1249.00;    2.9;eor
        867;20220606;    1;  3087.00;  1103.00;  1874.00;    6.9;eor
        867;20220607;    1;  3011.00;   985.00;  1999.00;    7.2;eor
        867;20220608;    1;  3143.00;  1126.00;  1701.00;    3.5;eor
        867;20220609;    1;  3036.00;  1404.00;  1987.00;    5.6;eor
        867;20220610;    1;  2781.00;   757.00;  2769.00;   12.9;eor
        867;20220611;    1;  2954.00;  1263.00;  2254.00;    9.6;eor
        867;20220612;    1;  2931.00;   765.00;  2882.00;   14.7;eor
        867;20220613;    1;  2850.00;  1103.00;  2471.00;    8.8;eor
        867;20220614;    1;  2621.00;   561.00;  3119.00;   15.3;eor
        867;20220615;    1;  2829.00;   417.00;  3118.00;   15.5;eor
        867;20220616;    1;  2969.00;   985.00;  2706.00;   11.1;eor
        867;20220617;    1;  2870.00;   677.00;  2849.00;   12.6;eor
        867;20220618;    1;  3113.00;   912.00;  2843.00;   13.6;eor
        867;20220619;    1;  3267.00;   798.00;  2886.00;   13.3;eor
        867;20220620;    1;  3011.00;   913.00;  1254.00;    4.6;eor
        867;20220621;    1;     -999;   724.00;  3015.00;   15.1;eor
        867;20220622;    1;  3053.00;  1042.00;  2643.00;   12.3;eor
        867;20220623;    1;  3106.00;   687.00;  2795.00;   13.1;eor
        867;20220624;    1;  3304.00;  1085.00;  1773.00;    4.9;eor
        867;20220625;    1;  3192.00;   736.00;  2470.00;    9.2;eor
        867;20220626;    1;  3125.00;   605.00;  2968.00;   12.8;eor
        867;20220627;    1;  3279.00;  1273.00;  2049.00;    5.9;eor
        867;20220628;    1;  2943.00;   484.00;  3090.00;   14.0;eor
        867;20220629;    1;  3376.00;  1064.00;  1842.00;    5.2;eor
        867;20220630;    1;  3236.00;   689.00;  2846.00;   12.3;eor
        867;20220701;    1;  3075.00;   653.00;   772.00;    1.8;eor
        867;20220702;    1;  2834.00;   513.00;  3030.00;   14.1;eor
        867;20220703;    1;  2967.00;   465.00;  2934.00;   13.8;eor
        867;20220704;    1;  2898.00;   604.00;  2954.00;   15.1;eor
        867;20220705;    1;  2893.00;   672.00;  2916.00;   13.6;eor
        867;20220706;    1;  2865.00;   973.00;  2654.00;   10.8;eor
        867;20220707;    1;  3156.00;   617.00;   655.00;    0.2;eor
        867;20220708;    1;  3063.00;  1188.00;  1941.00;    4.7;eor
        867;20220709;    1;  3116.00;  1017.00;  1257.00;    2.5;eor
        867;20220710;    1;  2981.00;  1192.00;  1546.00;    3.7;eor
        867;20220711;    1;  3120.00;  1108.00;  1341.00;    3.4;eor
        867;20220712;    1;  2915.00;   693.00;  2917.00;   13.9;eor
        867;20220713;    1;  3242.00;  1351.00;  2142.00;    6.0;eor
        867;20220714;    1;  3184.00;  1283.00;  1716.00;    5.1;eor
        867;20220715;    1;  2797.00;  1308.00;  2150.00;    9.2;eor
        867;20220716;    1;  2791.00;  1151.00;  2346.00;   11.2;eor
        867;20220717;    1;  2726.00;   424.00;  2988.00;   14.8;eor
        867;20220718;    1;  2960.00;   955.00;  2657.00;   14.2;eor
        867;20220719;    1;  3068.00;   384.00;  2932.00;   14.8;eor
        867;20220720;    1;  3256.00;   546.00;  2840.00;   14.6;eor
        867;20220721;    1;  3282.00;   835.00;  1945.00;    6.9;eor
        867;20220722;    1;  3049.00;   549.00;  2765.00;   14.4;eor
        867;20220723;    1;  3171.00;  1061.00;  2022.00;    8.0;eor
        867;20220724;    1;  3091.00;   653.00;  2817.00;   14.7;eor
        867;20220725;    1;  3294.00;   741.00;  2326.00;    9.9;eor
        867;20220726;    1;  3080.00;   948.00;  2376.00;    9.2;eor
        867;20220727;    1;  3056.00;  1007.00;  1685.00;    5.6;eor
        867;20220728;    1;  2927.00;   841.00;  2491.00;   10.7;eor
        867;20220729;    1;  3288.00;   932.00;  1321.00;    3.5;eor
        867;20220730;    1;  3119.00;  1026.00;  1426.00;    3.3;eor
        867;20220731;    1;  3201.00;  1217.00;  1916.00;    5.0;eor
        867;20220801;    1;  3215.00;  1202.00;  1720.00;    4.4;eor
        867;20220802;    1;  3074.00;   766.00;  2404.00;   11.3;eor
        867;20220803;    1;  3083.00;   341.00;  2695.00;   14.3;eor
        867;20220804;    1;  3257.00;   519.00;  2589.00;   14.3;eor
        867;20220805;    1;  3294.00;   851.00;  2206.00;   10.0;eor
        867;20220806;    1;  2696.00;   367.00;  2750.00;   13.4;eor
        867;20220807;    1;  2702.00;   330.00;  2697.00;   14.4;eor
        867;20220808;    1;  2845.00;   374.00;  2669.00;   14.3;eor
        867;20220809;    1;  2924.00;   686.00;  2282.00;   12.4;eor
        867;20220810;    1;  2968.00;   803.00;  2369.00;   11.1;eor
        867;20220811;    1;  2943.00;   493.00;  2521.00;   13.7;eor
        867;20220812;    1;  2963.00;   535.00;  2472.00;   13.0;eor
        867;20220813;    1;  3075.00;   892.00;  2125.00;   11.0;eor
        867;20220814;    1;  3233.00;   742.00;  1763.00;    7.9;eor
        867;20220815;    1;  3205.00;  1035.00;  1682.00;    6.3;eor
        867;20220816;    1;  3133.00;   807.00;  1875.00;    8.4;eor
        867;20220817;    1;  3181.00;   763.00;  1933.00;    8.6;eor
        867;20220818;    1;  3346.00;   884.00;  1522.00;    5.5;eor
        867;20220819;    1;  3381.00;   645.00;   680.00;    0.3;eor
        867;20220820;    1;  3271.00;  1041.00;  1193.00;    2.4;eor
        867;20220821;    1;  3049.00;   841.00;  2145.00;    8.9;eor
        867;20220822;    1;  2910.00;   895.00;  2148.00;   11.4;eor
        867;20220823;    1;  2816.00;   328.00;  2371.00;   13.1;eor
        867;20220824;    1;  3002.00;   424.00;  2367.00;   13.1;eor
        867;20220825;    1;  3197.00;   901.00;  1664.00;    7.9;eor
        867;20220826;    1;  3343.00;   744.00;  1263.00;    3.9;eor
        867;20220827;    1;  3337.00;   760.00;   803.00;    0.4;eor
        867;20220828;    1;  3242.00;  1006.00;  1495.00;    4.2;eor
        867;20220829;    1;  2791.00;   594.00;  2194.00;   12.8;eor
        867;20220830;    1;  2845.00;   678.00;  1886.00;    9.9;eor
        867;20220831;    1;  3098.00;  1034.00;  1238.00;    3.8;eor
        867;20220901;    1;  2866.00;   721.00;  1899.00;   10.4;eor
        867;20220902;    1;  2731.00;   653.00;  1981.00;   11.1;eor
        867;20220903;    1;  2957.00;   752.00;  1420.00;    5.7;eor
        867;20220904;    1;  2957.00;   411.00;  1885.00;   10.0;eor
        867;20220905;    1;  2973.00;   456.00;  1885.00;   11.8;eor
        867;20220906;    1;  3143.00;   569.00;  1444.00;    6.6;eor
        867;20220907;    1;     -999;     -999;     -999;-999;eor
        867;20220908;    1;  3064.00;   548.00;   913.00;    3.7;eor
        867;20220909;    1;  2998.00;   632.00;  1018.00;    3.2;eor
        867;20220910;    1;  3216.00;   680.00;   820.00;    1.2;eor
        867;20220911;    1;  3041.00;   606.00;   917.00;    3.7;eor
        867;20220912;    1;  2746.00;   711.00;  1807.00;   10.8;eor
        867;20220913;    1;  2982.00;   807.00;  1260.00;    5.2;eor
        867;20220914;    1;  3404.00;   267.00;   274.00;    0.0;eor
        867;20220915;    1;  3121.00;   786.00;   953.00;    2.2;eor
        867;20220916;    1;  2710.00;   645.00;  1310.00;    5.2;eor
        867;20220917;    1;  2819.00;   662.00;  1206.00;    5.1;eor
        867;20220918;    1;  2996.00;   472.00;   490.00;    0.2;eor
        867;20220919;    1;  2884.00;   676.00;   887.00;    2.2;eor
        867;20220920;    1;     -999;   602.00;  1184.00;    4.3;eor
        867;20220921;    1;     -999;   674.00;  1512.00;    6.6;eor
        867;20220922;    1;     -999;   495.00;  1511.00;    8.1;eor
        867;20220923;    1;     -999;   585.00;  1569.00;   10.5;eor
        867;20220924;    1;  2695.00;   534.00;  1353.00;    8.2;eor
        867;20220925;    1;  3037.00;   501.00;   521.00;    0.2;eor
        867;20220926;    1;  2965.00;   564.00;   781.00;    1.9;eor
        867;20220927;    1;  2940.00;   643.00;   718.00;    1.3;eor
        867;20220928;    1;  2795.00;   601.00;   900.00;    3.3;eor
        867;20220929;    1;  2717.00;   712.00;   920.00;    2.2;eor
        867;20220930;    1;     -999;   340.00;  1402.00;    9.5;eor
        867;20221001;    1;  2852.00;   132.00;   136.00;    0.0;eor
        867;20221002;    1;  3018.00;   351.00;   358.00;    0.1;eor
        867;20221003;    1;     -999;   704.00;  1028.00;    4.0;eor
        867;20221004;    1;  2667.00;   445.00;  1014.00;    5.9;eor
        867;20221005;    1;  2638.00;   580.00;  1195.00;   10.0;eor
        867;20221006;    1;     -999;   303.00;  1328.00;    8.7;eor
        867;20221007;    1;  2642.00;   577.00;  1072.00;    7.6;eor
        867;20221008;    1;     -999;   440.00;   641.00;    3.7;eor
        867;20221009;    1;     -999;   187.00;  1394.00;   10.6;eor
        867;20221010;    1;  2783.00;   495.00;  1050.00;    5.4;eor
        867;20221011;    1;  2704.00;   490.00;  1287.00;    8.6;eor
        867;20221012;    1;     -999;   352.00;  1185.00;    8.6;eor
        867;20221013;    1;  3097.00;   339.00;   355.00;    0.3;eor
        867;20221014;    1;  3170.00;   397.00;   430.00;    0.6;eor
        867;20221015;    1;  3317.00;   312.00;   316.00;    0.2;eor
        867;20221016;    1;  3173.00;   409.00;   548.00;    1.7;eor
        867;20221017;    1;  2855.00;   379.00;  1084.00;    9.3;eor
        867;20221018;    1;  3013.00;   382.00;   394.00;    0.1;eor
        867;20221019;    1;     -999;   353.00;   944.00;    5.6;eor
        867;20221020;    1;  2632.00;   477.00;   880.00;    6.1;eor
        867;20221021;    1;  3057.00;   264.00;   270.00;    0.1;eor
        867;20221022;    1;  3085.00;   345.00;   482.00;    1.8;eor
        867;20221023;    1;  2920.00;   511.00;   597.00;    2.0;eor
        867;20221024;    1;  2924.00;   259.00;   266.00;    0.3;eor
        867;20221025;    1;  2801.00;   397.00;   568.00;    3.2;eor
        867;20221026;    1;  2931.00;   405.00;   554.00;    2.9;eor
        867;20221027;    1;     -999;     -999;     -999;-999;eor
        867;20221028;    1;  2916.00;   330.00;   755.00;    5.6;eor
        867;20221029;    1;  2939.00;   503.00;   571.00;    2.1;eor
        867;20221030;    1;  2818.00;   310.00;   830.00;    7.9;eor
        867;20221031;    1;  2762.00;   387.00;   657.00;    5.3;eor
        867;20221101;    1;     -999;   390.00;   449.00;    2.2;eor
        867;20221102;    1;     -999;   346.00;   727.00;    5.8;eor
        867;20221103;    1;  2579.00;   433.00;   594.00;    4.4;eor
        867;20221104;    1;  2853.00;   306.00;   311.00;    0.0;eor
        867;20221105;    1;     -999;   309.00;   499.00;    2.3;eor
        867;20221106;    1;     -999;   333.00;   451.00;    2.2;eor
        867;20221107;    1;  2955.00;   212.00;   231.00;    0.2;eor
        867;20221108;    1;  2558.00;   315.00;   725.00;    7.6;eor
        867;20221109;    1;  3010.00;   259.00;   279.00;    0.4;eor
        867;20221110;    1;     -999;     -999;     -999;-999;eor
        867;20221111;    1;     -999;   337.00;   496.00;    3.2;eor
        867;20221112;    1;     -999;   389.00;   531.00;    3.0;eor
        867;20221113;    1;  2270.00;   119.00;   742.00;    8.5;eor
        867;20221114;    1;     -999;   167.00;   696.00;    8.3;eor
        867;20221115;    1;     -999;   222.00;   572.00;    5.8;eor
        867;20221116;    1;  2964.00;   119.00;   120.00;    0.0;eor
        867;20221117;    1;  2967.00;   140.00;   143.00;    0.0;eor
        867;20221118;    1;  2929.00;   143.00;   144.00;    0.0;eor
        867;20221119;    1;     -999;   290.00;   291.00;    0.0;eor
        867;20221120;    1;  2600.00;   153.00;   153.00;    0.0;eor
        867;20221121;    1;  2680.00;   202.00;   203.00;    0.0;eor
        867;20221122;    1;  2717.00;   240.00;   251.00;    0.2;eor
        867;20221123;    1;  2638.00;   237.00;   270.00;    1.5;eor
        867;20221124;    1;  2848.00;   174.00;   182.00;    0.1;eor
        867;20221125;    1;  2793.00;   225.00;   225.00;    0.0;eor
        867;20221126;    1;  2723.00;   214.00;   220.00;    0.2;eor
        867;20221127;    1;  2707.00;   232.00;   235.00;    0.0;eor
        867;20221128;    1;  2745.00;   192.00;   192.00;    0.0;eor
        867;20221129;    1;  2855.00;    99.00;   100.00;    0.0;eor
        867;20221130;    1;  2821.00;   148.00;   148.00;    0.0;eor
        867;20221201;    1;  2696.00;   208.00;   208.00;    0.0;eor
        867;20221202;    1;  2713.00;   124.00;   127.00;    0.0;eor
        867;20221203;    1;  2670.00;   106.00;   106.00;    0.0;eor
        867;20221204;    1;     -999;   235.00;   241.00;    0.2;eor
        867;20221205;    1;  2858.00;    49.00;    51.00;    0.0;eor
        867;20221206;    1;  2781.00;    63.00;    63.00;    0.0;eor
        867;20221207;    1;  2685.00;   168.00;   191.00;    0.8;eor
        867;20221208;    1;  2721.00;   104.00;   106.00;    0.0;eor
        867;20221209;    1;  2253.00;   233.00;   291.00;    1.7;eor
        867;20221210;    1;     -999;   164.00;   166.00;    0.0;eor
        867;20221211;    1;  2443.00;   211.00;   211.00;    0.0;eor
        867;20221212;    1;  1910.00;   145.00;   476.00;    7.4;eor
        867;20221213;    1;  1794.00;   112.00;   493.00;    7.2;eor
        867;20221214;    1;  2332.00;   124.00;   125.00;    0.0;eor
        867;20221215;    1;     -999;   261.00;   262.00;    0.0;eor
        867;20221216;    1;  1996.00;   135.00;   431.00;    6.1;eor
        867;20221217;    1;  1738.00;   137.00;   484.00;    7.4;eor
        867;20221218;    1;     -999;   197.00;   444.00;    5.3;eor
        867;20221219;    1;     -999;   128.00;   129.00;    0.0;eor
        867;20221220;    1;  2750.00;   119.00;   119.00;    0.0;eor
        867;20221221;    1;  2950.00;    40.00;    41.00;    0.0;eor
        867;20221222;    1;  3029.00;    75.00;    76.00;    0.0;eor
        867;20221223;    1;  3006.00;   121.00;   124.00;    0.0;eor
        867;20221224;    1;  2903.00;    97.00;   111.00;    0.8;eor
        867;20221225;    1;  2901.00;   178.00;   179.00;    0.0;eor
        867;20221226;    1;  2976.00;    79.00;    80.00;    0.0;eor
        867;20221227;    1;  2506.00;   223.00;   328.00;    2.3;eor
        867;20221228;    1;     -999;   128.00;   132.00;    0.0;eor
        867;20221229;    1;  2837.00;   149.00;   151.00;    0.1;eor
        867;20221230;    1;  2712.00;   304.00;   418.00;    3.6;eor
        867;20221231;    1;  2939.00;   250.00;   346.00;    3.1;eor
        867;20230101;    1;  2715.00;   258.00;   351.00;    3.8;eor
        867;20230102;    1;  2867.00;   222.00;   246.00;    0.8;eor
        867;20230103;    1;  2601.00;   212.00;   242.00;    0.9;eor
        867;20230104;    1;  2857.00;    31.00;    33.00;    0.0;eor
        867;20230105;    1;  2854.00;   138.00;   159.00;    0.7;eor
        867;20230106;    1;  3026.00;    89.00;    89.00;    0.0;eor
        867;20230107;    1;  2799.00;   105.00;   105.00;    0.0;eor
        867;20230108;    1;  2831.00;    70.00;    73.00;    0.0;eor
        867;20230109;    1;  2843.00;   167.00;   175.00;    0.2;eor
        867;20230110;    1;  2659.00;   181.00;   212.00;    0.6;eor
        867;20230111;    1;  2804.00;    53.00;    54.00;    0.0;eor
        867;20230112;    1;  2956.00;    57.00;    58.00;    0.0;eor
        867;20230113;    1;     -999;   149.00;   188.00;    0.8;eor
        867;20230114;    1;  2817.00;   148.00;   149.00;    0.0;eor
        867;20230115;    1;  2847.00;   109.00;   111.00;    0.0;eor
        867;20230116;    1;  2613.00;   205.00;   331.00;    2.9;eor
        867;20230117;    1;     -999;   252.00;   395.00;    2.6;eor
        867;20230118;    1;  2377.00;   252.00;   253.00;    0.0;eor
        867;20230119;    1;     -999;   214.00;   217.00;    0.0;eor
        867;20230120;    1;     -999;   316.00;   325.00;    0.1;eor
        867;20230121;    1;  2478.00;   228.00;   229.00;    0.0;eor
        867;20230122;    1;  2614.00;   222.00;   222.00;    0.0;eor
        867;20230123;    1;  2370.00;   343.00;   400.00;    1.3;eor
        867;20230124;    1;  2684.00;   181.00;   182.00;    0.0;eor
        867;20230125;    1;  2655.00;   139.00;   139.00;    0.0;eor
        867;20230126;    1;  2582.00;   105.00;   108.00;    0.0;eor
        867;20230127;    1;  2536.00;   241.00;   271.00;    0.4;eor
        867;20230128;    1;  2577.00;   203.00;   203.00;    0.0;eor
        867;20230129;    1;  2337.00;   369.00;   384.00;    0.8;eor
        867;20230130;    1;  2685.00;   129.00;   131.00;    0.1;eor
        867;20230131;    1;  2681.00;   116.00;   117.00;    0.0;eor
        867;20230201;    1;  2734.00;   141.00;   144.00;    0.0;eor
        867;20230202;    1;  2763.00;   174.00;   178.00;    0.0;eor
        867;20230203;    1;  2880.00;    52.00;    54.00;    0.0;eor
        867;20230204;    1;  2392.00;   366.00;   426.00;    1.9;eor
        867;20230205;    1;     -999;   194.00;   196.00;    0.1;eor
        867;20230206;    1;  2483.00;   272.00;   275.00;    0.0;eor
        867;20230207;    1;  1830.00;   152.00;   924.00;    9.1;eor
        867;20230208;    1;  1818.00;   166.00;   937.00;    9.1;eor
        867;20230209;    1;  1831.00;   198.00;   938.00;    8.8;eor
        867;20230210;    1;  2323.00;   397.00;   404.00;    0.2;eor
        867;20230211;    1;  2730.00;   155.00;   155.00;    0.0;eor
        867;20230212;    1;  2874.00;   289.00;   290.00;    0.0;eor
        867;20230213;    1;  2522.00;   398.00;   583.00;    3.3;eor
        867;20230214;    1;  2665.00;   290.00;   290.00;    0.0;eor
        867;20230215;    1;  2689.00;   244.00;   245.00;    0.0;eor
        867;20230216;    1;  2697.00;   281.00;   281.00;    0.0;eor
        867;20230217;    1;  2984.00;    76.00;    77.00;    0.0;eor
        867;20230218;    1;  2963.00;   167.00;   168.00;    0.0;eor
        867;20230219;    1;  2963.00;   254.00;   264.00;    0.1;eor
        867;20230220;    1;     -999;   529.00;   924.00;    6.9;eor
        867;20230221;    1;  2930.00;   444.00;   465.00;    0.2;eor
        867;20230222;    1;  2577.00;   573.00;   934.00;    7.1;eor
        867;20230223;    1;  2865.00;   324.00;   327.00;    0.0;eor
        867;20230224;    1;  2778.00;   462.00;   501.00;    0.6;eor
        867;20230225;    1;  2506.00;   370.00;   488.00;    1.5;eor
        867;20230226;    1;     -999;   545.00;  1040.00;    5.4;eor
        867;20230227;    1;  2050.00;   468.00;  1017.00;    4.2;eor
        867;20230228;    1;  2002.00;   275.00;  1282.00;    9.4;eor
        867;20230301;    1;  2035.00;   239.00;  1321.00;   10.4;eor
        867;20230302;    1;  2148.00;   291.00;  1248.00;   10.2;eor
        867;20230303;    1;  2020.00;   264.00;  1386.00;   10.3;eor
        867;20230304;    1;  2564.00;   290.00;   291.00;    0.0;eor
        867;20230305;    1;  2636.00;   320.00;   323.00;    0.0;eor
        867;20230306;    1;  2616.00;   486.00;   527.00;    0.6;eor
        867;20230307;    1;  2704.00;   297.00;   300.00;    0.0;eor
        867;20230308;    1;  2743.00;   265.00;   269.00;    0.0;eor
        867;20230309;    1;  2941.00;   394.00;   405.00;    0.1;eor
        867;20230310;    1;  2921.00;   499.00;   560.00;    0.9;eor
        867;20230311;    1;     -999;   546.00;   744.00;    1.8;eor
        867;20230312;    1;     -999;   460.00;   493.00;    0.3;eor
        867;20230313;    1;  3022.00;   449.00;   537.00;    1.3;eor
        867;20230314;    1;  2835.00;   426.00;   441.00;    0.2;eor
        867;20230315;    1;  2342.00;   415.00;   552.00;    1.5;eor
        867;20230316;    1;     -999;   428.00;  1503.00;    6.8;eor
        867;20230317;    1;     -999;   602.00;  1436.00;    7.7;eor
        867;20230318;    1;  2652.00;   482.00;  1484.00;    8.1;eor
        867;20230319;    1;  2741.00;   515.00;   623.00;    1.8;eor
        867;20230320;    1;  2942.00;   395.00;   401.00;    0.0;eor
        867;20230321;    1;  2799.00;   688.00;  1297.00;    4.3;eor
        867;20230322;    1;  2774.00;   776.00;  1314.00;    5.5;eor
        867;20230323;    1;  3020.00;   425.00;   437.00;    0.1;eor
        867;20230324;    1;     -999;   438.00;   487.00;    1.4;eor
        867;20230325;    1;  2781.00;   619.00;   878.00;    2.5;eor
        867;20230326;    1;  2796.00;   504.00;   528.00;    0.2;eor
        867;20230327;    1;     -999;   597.00;  1448.00;    6.9;eor
        867;20230328;    1;     -999;   887.00;  1509.00;    5.5;eor
        867;20230329;    1;  2769.00;   917.00;  1047.00;    1.6;eor
        867;20230330;    1;  2871.00;   494.00;   595.00;    2.0;eor
        867;20230331;    1;  2969.00;   534.00;   616.00;    1.0;eor
        867;20230401;    1;  2967.00;   482.00;   495.00;    0.0;eor
        867;20230402;    1;  2746.00;   626.00;   639.00;    0.0;eor
        867;20230403;    1;  2264.00;   530.00;  2038.00;    9.2;eor
        867;20230404;    1;  2146.00;   888.00;  1160.00;    4.1;eor
        867;20230405;    1;  1988.00;   479.00;  2183.00;   11.7;eor
        867;20230406;    1;  2090.00;   461.00;  2118.00;   12.0;eor
        867;20230407;    1;  2300.00;   726.00;  1918.00;   10.6;eor
        867;20230408;    1;  2766.00;   616.00;   678.00;    0.3;eor
        867;20230409;    1;  2440.00;   624.00;  2069.00;   11.0;eor
        867;20230410;    1;     -999;   671.00;  2094.00;   11.2;eor
        867;20230411;    1;     -999;   656.00;  1354.00;    5.9;eor
        867;20230412;    1;  2789.00;   408.00;   421.00;    0.2;eor
        867;20230413;    1;  2626.00;   868.00;   977.00;    1.2;eor
        867;20230414;    1;  2694.00;   884.00;   971.00;    1.4;eor
        867;20230415;    1;  2932.00;   331.00;   339.00;    0.0;eor
        867;20230416;    1;  2946.00;   395.00;   405.00;    0.0;eor
        867;20230417;    1;  2804.00;   690.00;   703.00;    0.0;eor
        867;20230418;    1;  2786.00;   871.00;  1227.00;    3.7;eor
        867;20230419;    1;  2640.00;   623.00;  1777.00;    6.0;eor
        867;20230420;    1;     -999;   801.00;  1352.00;    4.5;eor
        867;20230421;    1;  2612.00;   572.00;  2151.00;   11.8;eor
        867;20230422;    1;  2829.00;   906.00;  2159.00;   11.2;eor
        867;20230423;    1;  2955.00;   875.00;  1498.00;    4.7;eor
        867;20230424;    1;  2847.00;   752.00;   924.00;    1.6;eor
        867;20230425;    1;  2660.00;   973.00;  1208.00;    1.8;eor
        867;20230426;    1;     -999;  1093.00;  1894.00;    8.4;eor
        867;20230427;    1;     -999;   872.00;  2076.00;    7.8;eor
        867;20230428;    1;  3040.00;   448.00;   462.00;    0.1;eor
        867;20230429;    1;  3050.00;   844.00;   874.00;    0.2;eor
        867;20230430;    1;  2499.00;   547.00;  2610.00;   13.3;eor
        867;20230501;    1;     -999;   842.00;  1146.00;    3.9;eor
        867;20230502;    1;     -999;   965.00;  1498.00;    3.6;eor
        867;20230503;    1;     -999;   486.00;  2674.00;   11.7;eor
        867;20230504;    1;  2516.00;   948.00;  2525.00;   13.5;eor
        867;20230505;    1;  2902.00;  1046.00;  2078.00;    8.6;eor
        867;20230506;    1;  2872.00;   768.00;  2415.00;    8.6;eor
        867;20230507;    1;  2895.00;  1414.00;  2157.00;    6.7;eor
        867;20230508;    1;  2778.00;  1203.00;  1956.00;    7.6;eor
        867;20230509;    1;  2679.00;   694.00;  2664.00;   13.1;eor
        867;20230510;    1;  3172.00;  1038.00;  1108.00;    0.5;eor
        867;20230511;    1;  3180.00;   678.00;   695.00;    0.0;eor
        867;20230512;    1;  2964.00;  1044.00;  1306.00;    2.5;eor
        867;20230513;    1;  2812.00;   928.00;  1507.00;    5.8;eor
        867;20230514;    1;  2888.00;  1120.00;  1744.00;    3.5;eor
        867;20230515;    1;  2787.00;  1100.00;  1721.00;    6.4;eor
        867;20230516;    1;     -999;  1144.00;  1565.00;    4.0;eor
        867;20230517;    1;     -999;  1143.00;  1940.00;    8.2;eor
        867;20230518;    1;     -999;  1021.00;  2616.00;   11.8;eor
        867;20230519;    1;  2767.00;  1295.00;  2348.00;    9.0;eor
        867;20230520;    1;  2981.00;  1204.00;  2237.00;    8.8;eor
        867;20230521;    1;  3038.00;  1363.00;  2198.00;    7.7;eor
        867;20230522;    1;  2992.00;   981.00;  2736.00;   13.0;eor
        867;20230523;    1;  3089.00;   884.00;   958.00;    0.7;eor
        867;20230524;    1;     -999;  1466.00;  2282.00;    7.4;eor
        867;20230525;    1;  2535.00;   575.00;  2946.00;   15.0;eor
        867;20230526;    1;  2569.00;   700.00;  2922.00;   14.8;eor
        867;20230527;    1;     -999;   635.00;  3000.00;   14.6;eor
        867;20230528;    1;  2609.00;   682.00;  2949.00;   14.8;eor
        867;20230529;    1;  2681.00;   750.00;  2871.00;   14.0;eor
        867;20230530;    1;  2596.00;   427.00;  3110.00;   15.0;eor
        867;20230531;    1;  2662.00;   422.00;  3033.00;   14.0;eor
        867;20230601;    1;  2728.00;   985.00;  2830.00;   15.0;eor
        867;20230602;    1;  2560.00;   876.00;  3086.00;   14.9;eor
        867;20230603;    1;  2550.00;   498.00;  3094.00;   15.3;eor
        867;20230604;    1;     -999;   481.00;  3103.00;   15.3;eor
        867;20230605;    1;  2798.00;   851.00;  2562.00;   10.9;eor
        867;20230606;    1;  3079.00;   922.00;   954.00;    0.9;eor
        867;20230607;    1;  3108.00;  1227.00;  2151.00;    7.7;eor
        867;20230608;    1;  3052.00;  1097.00;  1885.00;    6.9;eor
        867;20230609;    1;  2987.00;   824.00;  2593.00;   11.0;eor
        867;20230610;    1;  3015.00;   913.00;  2643.00;   12.8;eor
        867;20230611;    1;  2894.00;   659.00;  2956.00;   13.7;eor
        867;20230612;    1;  2777.00;   634.00;  3046.00;   15.1;eor
        867;20230613;    1;  2713.00;   675.00;  2982.00;   13.6;eor
        867;20230614;    1;     -999;     -999;     -999;-999;eor
        867;20230615;    1;  2885.00;  1070.00;  1862.00;    8.2;eor
        867;20230616;    1;  3013.00;  1202.00;  2141.00;    7.0;eor
        867;20230617;    1;  2903.00;   872.00;  2829.00;   12.3;eor
        867;20230618;    1;  2936.00;   822.00;  2951.00;   14.9;eor
        867;20230619;    1;  3323.00;  1367.00;  2016.00;    5.5;eor
        867;20230620;    1;  3367.00;   896.00;  2603.00;   11.2;eor
        867;20230621;    1;  3192.00;  1251.00;  2277.00;   11.2;eor
        867;20230622;    1;  3409.00;  1115.00;  2397.00;    9.0;eor
        867;20230623;    1;  3309.00;   516.00;   526.00;    0.1;eor
        867;20230624;    1;  3050.00;  1016.00;  2314.00;    9.2;eor
        867;20230625;    1;  3023.00;   551.00;  2998.00;   13.7;eor
        867;20230626;    1;  3093.00;   922.00;  2647.00;   13.0;eor
        867;20230627;    1;  2983.00;  1314.00;  1735.00;    3.9;eor
        867;20230628;    1;  2806.00;   882.00;  2772.00;   13.0;eor
        867;20230629;    1;  3057.00;   836.00;  2540.00;   10.6;eor
        867;20230630;    1;  3213.00;  1287.00;  1462.00;    2.8;eor
        867;20230701;    1;  3094.00;   999.00;  1812.00;    6.6;eor
        867;20230702;    1;  3102.00;  1196.00;  1718.00;    4.3;eor
        867;20230703;    1;  2963.00;  1200.00;  1774.00;    4.4;eor
        867;20230704;    1;  2894.00;  1233.00;  2391.00;   10.4;eor
        867;20230705;    1;  2972.00;   947.00;  2068.00;    7.4;eor
        867;20230706;    1;  2796.00;   866.00;  2414.00;   12.1;eor
        867;20230707;    1;  2849.00;   491.00;  3052.00;   15.3;eor
        867;20230708;    1;  3043.00;   620.00;  2883.00;   13.6;eor
        867;20230709;    1;     -999;     -999;     -999;-999;eor
        867;20230710;    1;     -999;     -999;     -999;-999;eor
        867;20230711;    1;     -999;     -999;     -999;-999;eor
        867;20230712;    1;     -999;     -999;  1245.00;-999;eor
        867;20230713;    1;  2995.00;  1017.00;  2515.00;   10.0;eor
        867;20230714;    1;  2964.00;  1198.00;  2192.00;   11.4;eor
        867;20230715;    1;  3280.00;   938.00;  2329.00;   10.7;eor
        867;20230716;    1;  3108.00;   868.00;  2584.00;   11.8;eor
        867;20230717;    1;  2990.00;   983.00;  2474.00;   11.6;eor
        867;20230718;    1;  2834.00;   628.00;  2838.00;   14.1;eor
        867;20230719;    1;  3140.00;   945.00;  1923.00;    6.9;eor
        867;20230720;    1;  2973.00;  1153.00;  2130.00;    8.5;eor
        867;20230721;    1;  3148.00;   971.00;  1110.00;    0.9;eor
        867;20230722;    1;  2918.00;  1105.00;  2056.00;    8.8;eor
        867;20230723;    1;  3221.00;  1047.00;  1739.00;    6.5;eor
        867;20230724;    1;  3157.00;  1134.00;  1598.00;    5.2;eor
        867;20230725;    1;  3121.00;   714.00;   754.00;    0.5;eor
        867;20230726;    1;  2887.00;   833.00;  1405.00;    5.8;eor
        867;20230727;    1;  3209.00;   497.00;   511.00;    0.0;eor
        867;20230728;    1;  3432.00;   991.00;  1219.00;    1.9;eor
        867;20230729;    1;  3297.00;   699.00;  1325.00;    3.7;eor
        867;20230730;    1;  3129.00;  1030.00;  1476.00;    4.0;eor
        867;20230731;    1;  3348.00;   702.00;   722.00;    0.0;eor
        867;20230801;    1;  3249.00;   715.00;  1262.00;    3.4;eor
        867;20230802;    1;  3255.00;   502.00;   519.00;    0.3;eor
        867;20230803;    1;  3206.00;   793.00;  1211.00;    3.7;eor
        867;20230804;    1;  3242.00;   972.00;  1219.00;    1.6;eor
        867;20230805;    1;  3135.00;  1262.00;  1859.00;    4.8;eor
        867;20230806;    1;  3231.00;   953.00;  1171.00;    1.6;eor
        867;20230807;    1;  3032.00;   602.00;   700.00;    1.2;eor
        867;20230808;    1;  2963.00;   982.00;  1425.00;    4.3;eor
        867;20230809;    1;  2935.00;   676.00;  2185.00;    8.7;eor
        867;20230810;    1;  2815.00;   801.00;  2190.00;   10.3;eor
        867;20230811;    1;  2941.00;   359.00;  2551.00;   13.6;eor
        867;20230812;    1;  3331.00;   822.00;  1408.00;    3.9;eor
        867;20230813;    1;  3406.00;  1178.00;  1477.00;    4.0;eor
        867;20230814;    1;  3283.00;   742.00;  2199.00;    9.9;eor
        867;20230815;    1;  3398.00;  1024.00;  1738.00;    6.5;eor
        867;20230816;    1;  3264.00;   880.00;  2006.00;   10.2;eor
        867;20230817;    1;  3359.00;   719.00;  1818.00;    7.9;eor
        867;20230818;    1;  3105.00;   389.00;  2391.00;   13.4;eor
        867;20230819;    1;  3308.00;   520.00;  2152.00;   10.0;eor
        867;20230820;    1;  3419.00;   769.00;  2126.00;   11.9;eor
        867;20230821;    1;  3293.00;   501.00;  2175.00;   12.3;eor
        867;20230822;    1;  3269.00;   579.00;  2137.00;   11.0;eor
        867;20230823;    1;  2970.00;   404.00;  2318.00;   13.3;eor
        867;20230824;    1;  3234.00;   932.00;  1710.00;    7.5;eor
        867;20230825;    1;  3306.00;   898.00;  1270.00;    5.6;eor
        867;20230826;    1;  3284.00;   774.00;  1240.00;    3.8;eor
        867;20230827;    1;  3146.00;   544.00;   566.00;    0.2;eor
        867;20230828;    1;  3064.00;   707.00;   728.00;    0.0;eor
        867;20230829;    1;  3108.00;   791.00;   816.00;    0.1;eor
        867;20230830;    1;  2932.00;   958.00;  1130.00;    2.4;eor
        867;20230831;    1;  2971.00;   745.00;  1139.00;    3.3;eor
        867;20230901;    1;  3304.00;   471.00;   479.00;    0.0;eor
        867;20230902;    1;  3092.00;   694.00;  1641.00;    6.8;eor
        867;20230903;    1;  2981.00;  1063.00;  1617.00;    7.8;eor
        867;20230904;    1;  2836.00;   230.00;  2134.00;   12.5;eor
        867;20230905;    1;  2814.00;   243.00;  2094.00;   12.7;eor
        867;20230906;    1;  2829.00;   251.00;  2137.00;   12.7;eor
        867;20230907;    1;  2889.00;   251.00;  2106.00;   12.6;eor
        867;20230908;    1;  2804.00;   290.00;  2081.00;   12.5;eor
        867;20230909;    1;  2875.00;   310.00;  2036.00;   12.4;eor
        867;20230910;    1;  2897.00;   338.00;  1985.00;   12.4;eor
        867;20230911;    1;  2892.00;   318.00;  1955.00;   12.2;eor
        867;20230912;    1;  3122.00;   561.00;  1819.00;   11.7;eor
        867;20230913;    1;  3146.00;   563.00;   663.00;    1.5;eor
        867;20230914;    1;  2695.00;   300.00;  1931.00;   12.1;eor
        867;20230915;    1;  2826.00;   654.00;  1572.00;    9.2;eor
        867;20230916;    1;  2833.00;   258.00;  1837.00;   11.9;eor
        867;20230917;    1;  3154.00;   470.00;  1582.00;    8.3;eor
        867;20230918;    1;  3233.00;   549.00;   591.00;    1.1;eor
        867;20230919;    1;  2857.00;   700.00;  1443.00;    8.6;eor
        867;20230920;    1;  2884.00;   547.00;  1696.00;   10.3;eor
        867;20230921;    1;  3106.00;   638.00;  1300.00;    6.0;eor
        867;20230922;    1;  3005.00;   421.00;   441.00;    0.7;eor
        867;20230923;    1;  2754.00;   609.00;  1119.00;    5.2;eor
        867;20230924;    1;     -999;   490.00;  1628.00;    9.3;eor
        867;20230925;    1;     -999;   267.00;  1659.00;   10.9;eor
        867;20230926;    1;  2758.00;   254.00;  1620.00;   11.2;eor
        867;20230927;    1;  2804.00;   372.00;  1495.00;   10.2;eor
        867;20230928;    1;  2858.00;   465.00;  1458.00;    9.3;eor
        867;20230929;    1;  3082.00;   681.00;   959.00;    3.3;eor
        867;20230930;    1;  2744.00;   353.00;  1458.00;    9.4;eor
        867;20231001;    1;  2711.00;   361.00;  1481.00;   10.7;eor
        867;20231002;    1;  2799.00;   387.00;  1396.00;   10.7;eor
        867;20231003;    1;  2882.00;   564.00;   903.00;    4.2;eor
        867;20231004;    1;  2749.00;   650.00;   967.00;    3.2;eor
        867;20231005;    1;  2742.00;   696.00;   813.00;    1.7;eor
        867;20231006;    1;  2791.00;   502.00;   900.00;    4.9;eor
        867;20231007;    1;  2972.00;   440.00;   473.00;    0.7;eor
        867;20231008;    1;  3144.00;   291.00;   294.00;    0.0;eor
        867;20231009;    1;  3130.00;   379.00;   383.00;    0.0;eor
        867;20231010;    1;  2845.00;   422.00;  1094.00;    7.7;eor
        867;20231011;    1;  2862.00;   388.00;  1183.00;    8.6;eor
        867;20231012;    1;  3148.00;   243.00;   245.00;    0.0;eor
        867;20231013;    1;  3276.00;   498.00;   671.00;    2.1;eor
        867;20231014;    1;     -999;   473.00;   834.00;    3.8;eor
        867;20231015;    1;     -999;   440.00;   872.00;    6.5;eor
        867;20231016;    1;     -999;   482.00;   705.00;    3.2;eor
        867;20231017;    1;     -999;   475.00;   809.00;    4.6;eor
        867;20231018;    1;     -999;   606.00;   853.00;    7.1;eor
        867;20231019;    1;  3115.00;   269.00;   271.00;    0.0;eor
        867;20231020;    1;  3078.00;   335.00;   356.00;    0.6;eor
        867;20231021;    1;  2947.00;   365.00;   876.00;    4.7;eor
        867;20231022;    1;  2802.00;   380.00;   683.00;    4.0;eor
        867;20231023;    1;     -999;   422.00;   819.00;    6.4;eor
        867;20231024;    1;  3106.00;   197.00;   198.00;    0.0;eor
        867;20231025;    1;  2931.00;   299.00;   438.00;    1.4;eor
        867;20231026;    1;  3038.00;   359.00;   401.00;    0.7;eor
        867;20231027;    1;     -999;     -999;     -999;-999;eor
        867;20231028;    1;  3074.00;   286.00;   291.00;    0.0;eor
        867;20231029;    1;  3099.00;   169.00;   171.00;    0.0;eor
        867;20231030;    1;  2992.00;   366.00;   646.00;    4.7;eor
        867;20231031;    1;  3036.00;   231.00;   238.00;    0.1;eor
        867;20231101;    1;  2903.00;   443.00;   585.00;    3.6;eor
        867;20231102;    1;     -999;   128.00;   132.00;    0.0;eor
        867;20231103;    1;     -999;   241.00;   241.00;    0.0;eor
        867;20231104;    1;  2780.00;   334.00;   490.00;    2.1;eor
        867;20231105;    1;  2951.00;   226.00;   234.00;    0.3;eor
        867;20231106;    1;  2877.00;   425.00;   513.00;    1.6;eor
        867;20231107;    1;  2877.00;   259.00;   277.00;    0.6;eor
        867;20231108;    1;     -999;   239.00;   298.00;    0.9;eor
        867;20231109;    1;     -999;   202.00;   229.00;    0.8;eor
        867;20231110;    1;     -999;     -999;     -999;-999;eor
        867;20231111;    1;  2762.00;   321.00;   441.00;    2.4;eor
        867;20231112;    1;     -999;   234.00;   235.00;    0.0;eor
        867;20231113;    1;  2947.00;    79.00;    79.00;    0.0;eor
        867;20231114;    1;  2937.00;   113.00;   116.00;    0.0;eor
        867;20231115;    1;  2902.00;   189.00;   215.00;    0.7;eor
        867;20231116;    1;  2660.00;   262.00;   282.00;    0.5;eor
        867;20231117;    1;  2257.00;   266.00;   587.00;    6.0;eor
        867;20231118;    1;     -999;   308.00;   334.00;    0.8;eor
        867;20231119;    1;  2831.00;   214.00;   451.00;    3.4;eor
        867;20231120;    1;  3009.00;   133.00;   144.00;    0.3;eor
        867;20231121;    1;  2813.00;   242.00;   407.00;    2.8;eor
        867;20231122;    1;     -999;   215.00;   484.00;    3.6;eor
        867;20231123;    1;  2714.00;    77.00;    78.00;    0.0;eor
        867;20231124;    1;  2645.00;   225.00;   281.00;    1.2;eor
        867;20231125;    1;  2439.00;   113.00;   116.00;    0.0;eor
        867;20231126;    1;  2476.00;   196.00;   354.00;    3.3;eor
        867;20231127;    1;  2779.00;    97.00;    97.00;    0.0;eor
        867;20231128;    1;  2584.00;   275.00;   278.00;    0.0;eor
        867;20231129;    1;  2515.00;   131.00;   133.00;    0.0;eor
        867;20231130;    1;     -999;   281.00;   287.00;    0.1;eor
        867;20231201;    1;  2598.00;   168.00;   169.00;    0.0;eor
        867;20231202;    1;  2435.00;   267.00;   309.00;    1.1;eor
        867;20231203;    1;  2393.00;   264.00;   265.00;    0.0;eor
        867;20231204;    1;  2319.00;   246.00;   255.00;    0.4;eor
        867;20231205;    1;  2713.00;   244.00;   245.00;    0.0;eor
        867;20231206;    1;  2756.00;    97.00;    98.00;    0.0;eor
        867;20231207;    1;  2387.00;   246.00;   248.00;    0.1;eor
        867;20231208;    1;  2598.00;   131.00;   133.00;    0.0;eor
        867;20231209;    1;  2809.00;   119.00;   119.00;    0.0;eor
        867;20231210;    1;  2850.00;   148.00;   169.00;    0.7;eor
        867;20231211;    1;  2913.00;   180.00;   210.00;    0.9;eor
        867;20231212;    1;  2868.00;   196.00;   248.00;    1.3;eor
        867;20231213;    1;  2920.00;    92.00;    92.00;    0.0;eor
        867;20231214;    1;  2810.00;   115.00;   115.00;    0.0;eor
        867;20231215;    1;     -999;   112.00;   113.00;    0.0;eor
        867;20231216;    1;     -999;   220.00;   258.00;    1.1;eor
        867;20231217;    1;     -999;   242.00;   392.00;    5.0;eor
        867;20231218;    1;     -999;   173.00;   384.00;    4.4;eor
        867;20231219;    1;     -999;   148.00;   154.00;    0.5;eor
        867;20231220;    1;  2821.00;   140.00;   162.00;    0.8;eor
        867;20231221;    1;     -999;    36.00;    37.00;    0.0;eor
        867;20231222;    1;  2738.00;    70.00;    73.00;    0.0;eor
        867;20231223;    1;  2936.00;    56.00;    57.00;    0.0;eor
        867;20231224;    1;  3036.00;    38.00;    39.00;    0.0;eor
        867;20231225;    1;  3050.00;    36.00;    39.00;    0.0;eor
        867;20231226;    1;  2838.00;   124.00;   132.00;    0.2;eor
        867;20231227;    1;  2464.00;   183.00;   184.00;    0.0;eor
        867;20231228;    1;  2753.00;   162.00;   179.00;    0.5;eor
        867;20231229;    1;  2901.00;    91.00;    91.00;    0.0;eor
        867;20231230;    1;  2679.00;   218.00;   276.00;    2.0;eor
        867;20231231;    1;  2666.00;   163.00;   164.00;    0.0;eor
        867;20240101;    1;  2779.00;   218.00;   257.00;    0.8;eor
        867;20240102;    1;  2966.00;    31.00;    34.00;    0.0;eor
        867;20240103;    1;  2932.00;   210.00;   242.00;    0.7;eor
        867;20240104;    1;  2848.00;   137.00;   151.00;    0.4;eor
        867;20240105;    1;     -999;   185.00;   188.00;    0.1;eor
        867;20240106;    1;  2623.00;   183.00;   186.00;    0.0;eor
        867;20240107;    1;  2556.00;   153.00;   153.00;    0.0;eor
        867;20240108;    1;  1953.00;   160.00;   384.00;    4.8;eor
        867;20240109;    1;  1692.00;   106.00;   574.00;    7.7;eor
        867;20240110;    1;  1963.00;   125.00;   526.00;    7.7;eor
        867;20240111;    1;  1945.00;   126.00;   553.00;    7.7;eor
        867;20240112;    1;  2615.00;   120.00;   120.00;    0.0;eor
        867;20240113;    1;  2635.00;    68.00;    70.00;    0.0;eor
        867;20240114;    1;  2614.00;    69.00;    70.00;    0.0;eor
        867;20240115;    1;     -999;   155.00;   157.00;    0.1;eor
        867;20240116;    1;     -999;     -999;     -999;-999;eor
        867;20240117;    1;     -999;     -999;     -999;-999;eor
        867;20240118;    1;     -999;   223.00;   226.00;    0.0;eor
        867;20240119;    1;     -999;   272.00;   272.00;    0.0;eor
        867;20240120;    1;  2233.00;   358.00;   381.00;    1.2;eor
        867;20240121;    1;  2181.00;   363.00;   540.00;    4.2;eor
        867;20240122;    1;  2823.00;   100.00;   102.00;    0.0;eor
        867;20240123;    1;  2713.00;   284.00;   298.00;    0.4;eor
        867;20240124;    1;  2787.00;   246.00;   446.00;    3.9;eor
        867;20240125;    1;  2589.00;   317.00;   379.00;    1.3;eor
        867;20240126;    1;  2832.00;    69.00;    71.00;    0.0;eor
        867;20240127;    1;     -999;   199.00;   711.00;    8.3;eor
        867;20240128;    1;  2043.00;   134.00;   741.00;    8.5;eor
        867;20240129;    1;  2190.00;   240.00;   697.00;    8.0;eor
        867;20240130;    1;  2486.00;   372.00;   408.00;    0.8;eor
        867;20240131;    1;     -999;   296.00;   321.00;    0.9;eor
