STATIONS_ID;MESS_DATUM;QN_592;ATMO_STRAHL;FD_STRAHL;FG_STRAHL;SD_STRAHL;eor
       7370;20210101;    1;     -999;   284.00;   435.00;    3.8;eor
       7370;20210102;    1;     -999;   113.00;   114.00;    0.1;eor
       7370;20210103;    1;     -999;    87.00;    87.00;    0.0;eor
       7370;20210104;    1;     -999;    95.00;    95.00;    0.0;eor
       7370;20210105;    1;     -999;    94.00;    94.00;    0.0;eor
       7370;20210106;    1;     -999;   125.00;   125.00;    0.0;eor
       7370;20210107;    1;     -999;   149.00;   149.00;    0.0;eor
       7370;20210108;    1;     -999;   206.00;   206.00;    0.0;eor
       7370;20210109;    1;     -999;   253.00;   378.00;    1.8;eor
       7370;20210110;    1;     -999;   222.00;   428.00;    4.0;eor
       7370;20210111;    1;     -999;   299.00;   302.00;    0.5;eor
       7370;20210112;    1;     -999;   143.00;   143.00;    0.0;eor
       7370;20210113;    1;     -999;   163.00;   163.00;    0.0;eor
       7370;20210114;    1;     -999;   188.00;   188.00;    0.0;eor
       7370;20210115;    1;     -999;   324.00;   325.00;    0.0;eor
       7370;20210116;    1;     -999;   251.00;   251.00;    0.0;eor
       7370;20210117;    1;     -999;   266.00;   266.00;    0.0;eor
       7370;20210118;    1;     -999;   179.00;   181.00;    0.0;eor
       7370;20210119;    1;     -999;   338.00;   345.00;    0.0;eor
       7370;20210120;    1;     -999;   391.00;   565.00;    4.7;eor
       7370;20210121;    1;     -999;   295.00;   347.00;    0.9;eor
       7370;20210122;    1;     -999;   350.00;   508.00;    3.5;eor
       7370;20210123;    1;     -999;   244.00;   244.00;    0.0;eor
       7370;20210124;    1;     -999;   222.00;   222.00;    0.0;eor
       7370;20210125;    1;     -999;   358.00;   361.00;    0.1;eor
       7370;20210126;    1;     -999;   116.00;   116.00;    0.0;eor
       7370;20210127;    1;     -999;   428.00;   615.00;    3.5;eor
       7370;20210128;    1;     -999;   183.00;   183.00;    0.0;eor
       7370;20210129;    1;     -999;   142.00;   142.00;    0.0;eor
       7370;20210130;    1;     -999;   182.00;   182.00;    0.0;eor
       7370;20210131;    1;     -999;   294.00;   679.00;    5.1;eor
       7370;20210201;    1;     -999;   377.00;   379.00;    0.0;eor
       7370;20210202;    1;     -999;   288.00;   289.00;    0.0;eor
       7370;20210203;    1;     -999;   120.00;   120.00;    0.0;eor
       7370;20210204;    1;     -999;   269.00;   536.00;    3.4;eor
       7370;20210205;    1;     -999;   205.00;   207.00;    0.1;eor
       7370;20210206;    1;     -999;   237.00;   237.00;    0.0;eor
       7370;20210207;    1;     -999;   172.00;   172.00;    0.0;eor
       7370;20210208;    1;     -999;   316.00;   317.00;    0.0;eor
       7370;20210209;    1;     -999;   386.00;   407.00;    0.3;eor
       7370;20210210;    1;     -999;   471.00;   472.00;    0.0;eor
       7370;20210211;    1;     -999;   536.00;   552.00;    0.5;eor
       7370;20210212;    1;     -999;   397.00;   910.00;    7.4;eor
       7370;20210213;    1;     -999;   595.00;   795.00;    5.1;eor
       7370;20210214;    1;     -999;   303.00;  1102.00;    9.3;eor
       7370;20210215;    1;     -999;   533.00;   855.00;    6.0;eor
       7370;20210216;    1;     -999;   379.00;   379.00;    0.0;eor
       7370;20210217;    1;     -999;   344.00;   347.00;    0.1;eor
       7370;20210218;    1;     -999;   433.00;   913.00;    6.7;eor
       7370;20210219;    1;     -999;   537.00;   750.00;    4.5;eor
       7370;20210220;    1;     -999;   308.00;  1103.00;    9.1;eor
       7370;20210221;    1;     -999;   246.00;  1221.00;    9.5;eor
       7370;20210222;    1;     -999;   401.00;   722.00;    3.7;eor
       7370;20210223;    1;     -999;   643.00;   927.00;    6.1;eor
       7370;20210224;    1;     -999;   511.00;  1075.00;    8.2;eor
       7370;20210225;    1;     -999;   389.00;  1198.00;    9.1;eor
       7370;20210226;    1;     -999;   533.00;  1013.00;    6.9;eor
       7370;20210227;    1;     -999;   491.00;  1027.00;    6.5;eor
       7370;20210228;    1;     -999;   227.00;  1389.00;   10.0;eor
       7370;20210301;    1;     -999;   230.00;  1399.00;   10.1;eor
       7370;20210302;    1;     -999;   228.00;  1458.00;   10.1;eor
       7370;20210303;    1;     -999;   671.00;   787.00;    2.9;eor
       7370;20210304;    1;     -999;   529.00;   948.00;    5.1;eor
       7370;20210305;    1;     -999;   542.00;   773.00;    3.1;eor
       7370;20210306;    1;     -999;   238.00;  1562.00;   10.4;eor
       7370;20210307;    1;     -999;   225.00;  1592.00;   10.5;eor
       7370;20210308;    1;     -999;   628.00;   654.00;    0.8;eor
       7370;20210309;    1;     -999;   719.00;   776.00;    0.6;eor
       7370;20210310;    1;     -999;   459.00;   527.00;    1.5;eor
       7370;20210311;    1;     -999;   253.00;   253.00;    0.0;eor
       7370;20210312;    1;     -999;   556.00;   922.00;    4.1;eor
       7370;20210313;    1;     -999;   388.00;   390.00;    0.0;eor
       7370;20210314;    1;     -999;   496.00;   589.00;    1.6;eor
       7370;20210315;    1;     -999;   459.00;   535.00;    1.4;eor
       7370;20210316;    1;     -999;   510.00;   585.00;    1.2;eor
       7370;20210317;    1;     -999;   626.00;   696.00;    1.0;eor
       7370;20210318;    1;     -999;   576.00;   818.00;    2.5;eor
       7370;20210319;    1;     -999;   721.00;   979.00;    2.6;eor
       7370;20210320;    1;     -999;   701.00;  1177.00;    3.8;eor
       7370;20210321;    1;     -999;   262.00;   262.00;    0.0;eor
       7370;20210322;    1;     -999;   673.00;   798.00;    1.8;eor
       7370;20210323;    1;     -999;   489.00;   489.00;    0.0;eor
       7370;20210324;    1;     -999;   531.00;  1512.00;    7.1;eor
       7370;20210325;    1;     -999;     -999;     -999;-999;eor
       7370;20210326;    1;     -999;   591.00;  1719.00;    9.4;eor
       7370;20210327;    1;     -999;   562.00;  1005.00;    3.0;eor
       7370;20210328;    1;     -999;   813.00;  1342.00;    6.0;eor
       7370;20210329;    1;     -999;   595.00;  1665.00;    9.1;eor
       7370;20210330;    1;     -999;   434.00;  2059.00;   11.8;eor
       7370;20210331;    1;     -999;   363.00;  2097.00;   11.9;eor
       7370;20210401;    1;     -999;   771.00;  1700.00;   10.2;eor
       7370;20210402;    1;     -999;   797.00;  1646.00;    7.6;eor
       7370;20210403;    1;     -999;   739.00;   986.00;    2.3;eor
       7370;20210404;    1;     -999;   432.00;  2142.00;   11.6;eor
       7370;20210405;    1;     -999;   799.00;  1023.00;    3.7;eor
       7370;20210406;    1;     -999;   750.00;   806.00;    0.6;eor
       7370;20210407;    1;     -999;   871.00;  1119.00;    1.8;eor
       7370;20210408;    1;     -999;   866.00;  1019.00;    1.1;eor
       7370;20210409;    1;     -999;   807.00;  1841.00;    7.9;eor
       7370;20210410;    1;     -999;   935.00;  1074.00;    2.9;eor
       7370;20210411;    1;     -999;   787.00;  1932.00;    9.8;eor
       7370;20210412;    1;     -999;   400.00;   400.00;    0.0;eor
       7370;20210413;    1;     -999;  1048.00;  1216.00;    2.7;eor
       7370;20210414;    1;     -999;  1027.00;  1555.00;    5.4;eor
       7370;20210415;    1;     -999;   904.00;  1103.00;    3.0;eor
       7370;20210416;    1;     -999;   711.00;   822.00;    1.7;eor
       7370;20210417;    1;     -999;   733.00;   741.00;    0.1;eor
       7370;20210418;    1;     -999;   953.00;  1009.00;    0.6;eor
       7370;20210419;    1;     -999;  1054.00;  1226.00;    2.0;eor
       7370;20210420;    1;     -999;   924.00;  1496.00;    4.2;eor
       7370;20210421;    1;     -999;   826.00;  1706.00;    7.2;eor
       7370;20210422;    1;     -999;   640.00;  2239.00;    9.9;eor
       7370;20210423;    1;     -999;   484.00;  2554.00;   13.0;eor
       7370;20210424;    1;     -999;   669.00;  2345.00;   12.8;eor
       7370;20210425;    1;     -999;   489.00;  2611.00;   13.2;eor
       7370;20210426;    1;     -999;   414.00;  2655.00;   12.9;eor
       7370;20210427;    1;     -999;   512.00;  2532.00;   13.0;eor
       7370;20210428;    1;     -999;   519.00;  2504.00;   12.1;eor
       7370;20210429;    1;     -999;   962.00;  1026.00;    0.7;eor
       7370;20210430;    1;     -999;   924.00;  2114.00;    8.8;eor
       7370;20210501;    1;     -999;   834.00;   948.00;    0.8;eor
       7370;20210502;    1;     -999;   633.00;   683.00;    1.1;eor
       7370;20210503;    1;     -999;   971.00;  2005.00;    7.3;eor
       7370;20210504;    1;     -999;   771.00;  1543.00;    5.2;eor
       7370;20210505;    1;     -999;   844.00;  1292.00;    2.8;eor
       7370;20210506;    1;     -999;   774.00;   885.00;    1.5;eor
       7370;20210507;    1;     -999;   856.00;  1592.00;    4.9;eor
       7370;20210508;    1;     -999;   779.00;  2648.00;   12.6;eor
       7370;20210509;    1;     -999;   406.00;  2832.00;   13.0;eor
       7370;20210510;    1;     -999;   660.00;  2526.00;   11.8;eor
       7370;20210511;    1;     -999;   735.00;  1803.00;    6.0;eor
       7370;20210512;    1;     -999;   385.00;   385.00;    0.0;eor
       7370;20210513;    1;     -999;   591.00;   591.00;    0.0;eor
       7370;20210514;    1;     -999;   928.00;  1583.00;    5.0;eor
       7370;20210515;    1;     -999;  1036.00;  1470.00;    3.0;eor
       7370;20210516;    1;     -999;   885.00;  1357.00;    2.8;eor
       7370;20210517;    1;     -999;   830.00;  1488.00;    4.0;eor
       7370;20210518;    1;     -999;   903.00;  1567.00;    3.6;eor
       7370;20210519;    1;     -999;  1026.00;  1426.00;    3.8;eor
       7370;20210520;    1;     -999;  1047.00;  1799.00;    5.2;eor
       7370;20210521;    1;     -999;  1185.00;  1298.00;    1.4;eor
       7370;20210522;    1;     -999;   844.00;  2124.00;    7.6;eor
       7370;20210523;    1;     -999;   937.00;  1366.00;    3.7;eor
       7370;20210524;    1;     -999;  1314.00;  1582.00;    2.4;eor
       7370;20210525;    1;     -999;   932.00;  1522.00;    5.2;eor
       7370;20210526;    1;     -999;   825.00;   834.00;    0.1;eor
       7370;20210527;    1;     -999;  1088.00;  1339.00;    2.0;eor
       7370;20210528;    1;     -999;  1201.00;  1250.00;    0.4;eor
       7370;20210529;    1;     -999;  1038.00;  1833.00;    5.0;eor
       7370;20210530;    1;     -999;   546.00;  2944.00;   14.0;eor
       7370;20210531;    1;     -999;   788.00;  2688.00;   12.5;eor
       7370;20210601;    1;     -999;   735.00;  2938.00;   14.1;eor
       7370;20210602;    1;     -999;   667.00;  2865.00;   14.2;eor
       7370;20210603;    1;     -999;   545.00;  2952.00;   14.2;eor
       7370;20210604;    1;     -999;  1204.00;  1830.00;    5.1;eor
       7370;20210605;    1;     -999;  1336.00;  1635.00;    3.2;eor
       7370;20210606;    1;     -999;   937.00;  1040.00;    0.7;eor
       7370;20210607;    1;     -999;   969.00;  2381.00;    8.5;eor
       7370;20210608;    1;     -999;   767.00;  2831.00;   13.0;eor
       7370;20210609;    1;     -999;  1479.00;  2173.00;    6.9;eor
       7370;20210610;    1;     -999;     -999;     -999;-999;eor
       7370;20210611;    1;     -999;  1136.00;  2035.00;    7.1;eor
       7370;20210612;    1;     -999;  1419.00;  2182.00;    8.6;eor
       7370;20210613;    1;     -999;   694.00;  2988.00;   13.7;eor
       7370;20210614;    1;     -999;   434.00;  3194.00;   15.2;eor
       7370;20210615;    1;     -999;   897.00;  2841.00;   13.8;eor
       7370;20210616;    1;     -999;  1066.00;  2745.00;   14.0;eor
       7370;20210617;    1;     -999;   488.00;  3119.00;   15.1;eor
       7370;20210618;    1;     -999;   669.00;  2948.00;   14.5;eor
       7370;20210619;    1;     -999;  1044.00;  2652.00;   11.5;eor
       7370;20210620;    1;     -999;  1549.00;  2121.00;    6.9;eor
       7370;20210621;    1;     -999;   925.00;  2746.00;   12.7;eor
       7370;20210622;    1;     -999;  1185.00;  2254.00;    8.1;eor
       7370;20210623;    1;     -999;  1379.00;  1877.00;    4.3;eor
       7370;20210624;    1;     -999;  1030.00;  2218.00;    7.1;eor
       7370;20210625;    1;     -999;  1073.00;  1222.00;    2.1;eor
       7370;20210626;    1;     -999;   915.00;  2670.00;    9.7;eor
       7370;20210627;    1;     -999;  1078.00;  2587.00;   13.0;eor
       7370;20210628;    1;     -999;   872.00;  2658.00;   11.2;eor
       7370;20210629;    1;     -999;   784.00;  1858.00;    5.3;eor
       7370;20210630;    1;     -999;   960.00;  1352.00;    2.2;eor
       7370;20210701;    1;     -999;   875.00;   932.00;    0.5;eor
       7370;20210702;    1;     -999;   529.00;   533.00;    0.2;eor
       7370;20210703;    1;     -999;  1033.00;  2484.00;    8.7;eor
       7370;20210704;    1;     -999;  1130.00;  1533.00;    3.8;eor
       7370;20210705;    1;     -999;  1302.00;  1610.00;    3.8;eor
       7370;20210706;    1;     -999;   484.00;  2983.00;   13.0;eor
       7370;20210707;    1;     -999;   967.00;   991.00;    0.4;eor
       7370;20210708;    1;     -999;  1056.00;  1509.00;    3.1;eor
       7370;20210709;    1;     -999;   793.00;   878.00;    1.1;eor
       7370;20210710;    1;     -999;   773.00;  2661.00;   10.3;eor
       7370;20210711;    1;     -999;   556.00;   635.00;    1.1;eor
       7370;20210712;    1;     -999;   831.00;  2583.00;   11.0;eor
       7370;20210713;    1;     -999;  1039.00;  1819.00;    6.6;eor
       7370;20210714;    1;     -999;  1104.00;  1311.00;    1.2;eor
       7370;20210715;    1;     -999;  1144.00;  1633.00;    2.6;eor
       7370;20210716;    1;     -999;   721.00;  2524.00;   10.1;eor
       7370;20210717;    1;     -999;  1222.00;  1466.00;    2.8;eor
       7370;20210718;    1;     -999;   805.00;  2470.00;   10.1;eor
       7370;20210719;    1;     -999;   954.00;  2217.00;   10.6;eor
       7370;20210720;    1;     -999;  1123.00;  2061.00;    8.0;eor
       7370;20210721;    1;     -999;   793.00;  2772.00;   13.0;eor
       7370;20210722;    1;     -999;   954.00;  2609.00;   11.3;eor
       7370;20210723;    1;     -999;   872.00;  2527.00;   11.8;eor
       7370;20210724;    1;     -999;   876.00;  2014.00;    8.7;eor
       7370;20210725;    1;     -999;  1363.00;  1665.00;    4.1;eor
       7370;20210726;    1;     -999;   980.00;  1890.00;    7.5;eor
       7370;20210727;    1;     -999;  1026.00;  2145.00;    9.6;eor
       7370;20210728;    1;     -999;   883.00;   958.00;    1.8;eor
       7370;20210729;    1;     -999;   838.00;  2587.00;   12.5;eor
       7370;20210730;    1;     -999;   532.00;  2754.00;   13.5;eor
       7370;20210731;    1;     -999;   816.00;  2330.00;    9.5;eor
       7370;20210801;    1;     -999;   825.00;   954.00;    1.4;eor
       7370;20210802;    1;     -999;   935.00;  1749.00;    5.0;eor
       7370;20210803;    1;     -999;  1075.00;  1980.00;    8.8;eor
       7370;20210804;    1;     -999;  1209.00;  1332.00;    0.9;eor
       7370;20210805;    1;     -999;   925.00;  1210.00;    3.4;eor
       7370;20210806;    1;     -999;  1072.00;  1195.00;    1.8;eor
       7370;20210807;    1;     -999;   873.00;  1230.00;    3.4;eor
       7370;20210808;    1;     -999;   851.00;  1523.00;    4.8;eor
       7370;20210809;    1;     -999;  1008.00;  2247.00;   10.0;eor
       7370;20210810;    1;     -999;  1039.00;  1972.00;    8.4;eor
       7370;20210811;    1;     -999;  1078.00;  2002.00;    7.8;eor
       7370;20210812;    1;     -999;   975.00;  2220.00;   11.0;eor
       7370;20210813;    1;     -999;   939.00;  2070.00;   11.1;eor
       7370;20210814;    1;     -999;   476.00;  2515.00;   13.4;eor
       7370;20210815;    1;     -999;     -999;     -999;-999;eor
       7370;20210816;    1;     -999;   879.00;  1282.00;    4.1;eor
       7370;20210817;    1;     -999;   841.00;   930.00;    0.9;eor
       7370;20210818;    1;     -999;   575.00;   582.00;    0.1;eor
       7370;20210819;    1;     -999;   924.00;  1003.00;    0.8;eor
       7370;20210820;    1;     -999;   840.00;  1054.00;    2.9;eor
       7370;20210821;    1;     -999;   687.00;  2197.00;   12.2;eor
       7370;20210822;    1;     -999;   719.00;   841.00;    1.4;eor
       7370;20210823;    1;     -999;   586.00;   587.00;    0.0;eor
       7370;20210824;    1;     -999;   922.00;  1199.00;    1.9;eor
       7370;20210825;    1;     -999;   586.00;  2195.00;   11.1;eor
       7370;20210826;    1;     -999;   657.00;  1260.00;    3.2;eor
       7370;20210827;    1;     -999;  1018.00;  1221.00;    2.0;eor
       7370;20210828;    1;     -999;   833.00;  1141.00;    2.7;eor
       7370;20210829;    1;     -999;   850.00;   915.00;    0.6;eor
       7370;20210830;    1;     -999;   754.00;  1954.00;    8.2;eor
       7370;20210831;    1;     -999;   670.00;   698.00;    0.3;eor
       7370;20210901;    1;     -999;   697.00;  1694.00;    7.7;eor
       7370;20210902;    1;     -999;   424.00;  2163.00;   11.9;eor
       7370;20210903;    1;     -999;   335.00;  2234.00;   12.4;eor
       7370;20210904;    1;     -999;   457.00;  2097.00;   11.7;eor
       7370;20210905;    1;     -999;   539.00;  1902.00;   11.0;eor
       7370;20210906;    1;     -999;   509.00;  1721.00;    9.8;eor
       7370;20210907;    1;     -999;   962.00;  1365.00;    4.3;eor
       7370;20210908;    1;     -999;   371.00;  2072.00;   12.1;eor
       7370;20210909;    1;     -999;   380.00;  2022.00;   11.9;eor
       7370;20210910;    1;     -999;   542.00;  1919.00;   11.6;eor
       7370;20210911;    1;     -999;   677.00;  1027.00;    2.6;eor
       7370;20210912;    1;     -999;   612.00;  1558.00;    7.1;eor
       7370;20210913;    1;     -999;   478.00;  1906.00;   10.7;eor
       7370;20210914;    1;     -999;     -999;     -999;-999;eor
       7370;20210915;    1;  3234.00;   653.00;   675.00;    0.2;eor
       7370;20210916;    1;  3334.00;   445.00;   459.00;    0.0;eor
       7370;20210917;    1;  3094.00;   603.00;   622.00;    0.3;eor
       7370;20210918;    1;  2831.00;   572.00;  1157.00;    5.2;eor
       7370;20210919;    1;  2914.00;   586.00;   953.00;    2.1;eor
       7370;20210920;    1;  3000.00;   595.00;   602.00;    0.0;eor
       7370;20210921;    1;  2819.00;   934.00;  1027.00;    1.0;eor
       7370;20210922;    1;  2844.00;   726.00;   865.00;    1.7;eor
       7370;20210923;    1;  2607.00;   352.00;  1693.00;   10.5;eor
       7370;20210924;    1;  2988.00;   345.00;   353.00;    0.0;eor
       7370;20210925;    1;     -999;     -999;     -999;-999;eor
       7370;20210926;    1;     -999;     -999;     -999;-999;eor
       7370;20210927;    1;     -999;     -999;     -999;-999;eor
       7370;20210928;    1;     -999;     -999;     -999;-999;eor
       7370;20210929;    1;     -999;     -999;     -999;-999;eor
       7370;20210930;    1;     -999;     -999;     -999;-999;eor
       7370;20211001;    1;     -999;   423.00;  1472.00;   10.9;eor
       7370;20211002;    1;  2633.00;   450.00;  1334.00;    8.4;eor
       7370;20211003;    1;  2760.00;   418.00;  1425.00;    9.4;eor
       7370;20211004;    1;  3062.00;   480.00;   604.00;    2.8;eor
       7370;20211005;    1;  3138.00;   227.00;   232.00;    0.0;eor
       7370;20211006;    1;     -999;   520.00;   571.00;    1.1;eor
       7370;20211007;    1;  2860.00;   449.00;   467.00;    0.1;eor
       7370;20211008;    1;  2740.00;   467.00;   618.00;    2.6;eor
       7370;20211009;    1;  2312.00;   240.00;  1425.00;   10.4;eor
       7370;20211010;    1;  2143.00;   220.00;  1389.00;   10.3;eor
       7370;20211011;    1;  2461.00;   352.00;  1224.00;    7.6;eor
       7370;20211012;    1;  2879.00;   309.00;   321.00;    0.1;eor
       7370;20211013;    1;  2524.00;   458.00;   761.00;    3.9;eor
       7370;20211014;    1;  2962.00;   124.00;   128.00;    0.0;eor
       7370;20211015;    1;  2760.00;   499.00;  1054.00;    5.5;eor
       7370;20211016;    1;     -999;   209.00;  1262.00;    9.7;eor
       7370;20211017;    1;  2702.00;   532.00;   552.00;    0.1;eor
       7370;20211018;    1;  2486.00;   272.00;  1136.00;    8.7;eor
       7370;20211019;    1;  2817.00;   491.00;   538.00;    0.9;eor
       7370;20211020;    1;  2737.00;   354.00;  1018.00;    7.8;eor
       7370;20211021;    1;  2812.00;   370.00;   710.00;    4.9;eor
       7370;20211022;    1;     -999;   376.00;   904.00;    6.6;eor
       7370;20211023;    1;  2439.00;   421.00;   909.00;    4.8;eor
       7370;20211024;    1;  2113.00;   159.00;  1132.00;    9.6;eor
       7370;20211025;    1;     -999;   537.00;   795.00;    5.5;eor
       7370;20211026;    1;  2633.00;   298.00;   303.00;    0.2;eor
       7370;20211027;    1;     -999;   336.00;   341.00;    0.0;eor
       7370;20211028;    1;  2524.00;   384.00;   729.00;    4.7;eor
       7370;20211029;    1;     -999;   240.00;   982.00;    7.9;eor
       7370;20211030;    1;  2480.00;   252.00;   866.00;    6.2;eor
       7370;20211031;    1;     -999;   227.00;   914.00;    9.2;eor
       7370;20211101;    1;     -999;   143.00;   148.00;    0.5;eor
       7370;20211102;    1;  2847.00;   327.00;   381.00;    0.8;eor
       7370;20211103;    1;  2565.00;   340.00;   506.00;    2.5;eor
       7370;20211104;    1;  2898.00;    96.00;    98.00;    0.0;eor
       7370;20211105;    1;  2862.00;   164.00;   168.00;    0.0;eor
       7370;20211106;    1;  2675.00;   311.00;   462.00;    2.9;eor
       7370;20211107;    1;  2849.00;   149.00;   151.00;    0.0;eor
       7370;20211108;    1;  2776.00;   329.00;   409.00;    1.2;eor
       7370;20211109;    1;  2329.00;   183.00;   807.00;    8.0;eor
       7370;20211110;    1;     -999;   394.00;   639.00;    6.0;eor
       7370;20211111;    1;     -999;   272.00;   655.00;    5.7;eor
       7370;20211112;    1;  2646.00;   311.00;   519.00;    3.5;eor
       7370;20211113;    1;  2845.00;   148.00;   149.00;    0.0;eor
       7370;20211114;    1;  2891.00;   194.00;   215.00;    0.5;eor
       7370;20211115;    1;  2777.00;   311.00;   319.00;    0.1;eor
       7370;20211116;    1;     -999;   331.00;   494.00;    2.9;eor
       7370;20211117;    1;  2824.00;    85.00;    85.00;    0.0;eor
       7370;20211118;    1;     -999;     -999;     -999;-999;eor
       7370;20211119;    1;  2910.00;    88.00;    93.00;    0.0;eor
       7370;20211120;    1;  2909.00;   110.00;   114.00;    0.0;eor
       7370;20211121;    1;  2808.00;    74.00;    77.00;    0.0;eor
       7370;20211122;    1;  2578.00;   200.00;   200.00;    0.0;eor
       7370;20211123;    1;  1990.00;   121.00;   653.00;    8.1;eor
       7370;20211124;    1;  2042.00;   136.00;   644.00;    7.8;eor
       7370;20211125;    1;  2548.00;   128.00;   130.00;    0.0;eor
       7370;20211126;    1;  2649.00;   122.00;   124.00;    0.0;eor
       7370;20211127;    1;  2539.00;   209.00;   218.00;    0.1;eor
       7370;20211128;    1;  2570.00;   163.00;   164.00;    0.0;eor
       7370;20211129;    1;  2569.00;   133.00;   134.00;    0.0;eor
       7370;20211130;    1;  2721.00;    97.00;    99.00;    0.0;eor
       7370;20211201;    1;  2851.00;   112.00;   115.00;    0.0;eor
       7370;20211202;    1;  2708.00;   139.00;   142.00;    0.0;eor
       7370;20211203;    1;  2280.00;   243.00;   269.00;    0.9;eor
       7370;20211204;    1;  2713.00;   133.00;   134.00;    0.0;eor
       7370;20211205;    1;     -999;     -999;     -999;-999;eor
       7370;20211206;    1;  2588.00;   208.00;   210.00;    0.0;eor
       7370;20211207;    1;  2543.00;    46.00;    48.00;    0.0;eor
       7370;20211208;    1;     -999;   222.00;   222.00;    0.0;eor
       7370;20211209;    1;  2648.00;   123.00;   124.00;    0.0;eor
       7370;20211210;    1;  2406.00;   148.00;   467.00;    4.8;eor
       7370;20211211;    1;  2686.00;   113.00;   114.00;    0.0;eor
       7370;20211212;    1;  2721.00;   158.00;   162.00;    0.0;eor
       7370;20211213;    1;  2795.00;   185.00;   186.00;    0.0;eor
       7370;20211214;    1;  2809.00;    94.00;    96.00;    0.0;eor
       7370;20211215;    1;  2803.00;   149.00;   150.00;    0.0;eor
       7370;20211216;    1;  2883.00;    69.00;    70.00;    0.0;eor
       7370;20211217;    1;  2746.00;   171.00;   172.00;    0.0;eor
       7370;20211218;    1;  2750.00;   102.00;   103.00;    0.0;eor
       7370;20211219;    1;  2783.00;    45.00;    45.00;    0.0;eor
       7370;20211220;    1;  2189.00;   166.00;   481.00;    5.6;eor
       7370;20211221;    1;     -999;     -999;     -999;-999;eor
       7370;20211222;    1;  1827.00;   117.00;   505.00;    7.4;eor
       7370;20211223;    1;     -999;   238.00;   246.00;    0.2;eor
       7370;20211224;    1;  2913.00;    23.00;    25.00;    0.0;eor
       7370;20211225;    1;     -999;   158.00;   159.00;    0.0;eor
       7370;20211226;    1;     -999;   199.00;   204.00;    0.0;eor
       7370;20211227;    1;  2585.00;   170.00;   171.00;    0.0;eor
       7370;20211228;    1;  2808.00;   108.00;   108.00;    0.0;eor
       7370;20211229;    1;  2927.00;    72.00;    74.00;    0.0;eor
       7370;20211230;    1;  3101.00;    55.00;    59.00;    0.0;eor
       7370;20211231;    1;  2938.00;   187.00;   265.00;    1.5;eor
       7370;20220101;    1;  2873.00;   153.00;   154.00;    0.0;eor
       7370;20220102;    1;     -999;   258.00;   291.00;    1.0;eor
       7370;20220103;    1;  2857.00;   106.00;   108.00;    0.0;eor
       7370;20220104;    1;  2990.00;    56.00;    61.00;    0.0;eor
       7370;20220105;    1;  2678.00;   122.00;   135.00;    0.3;eor
       7370;20220106;    1;  2290.00;   149.00;   461.00;    4.8;eor
       7370;20220107;    1;  2563.00;   225.00;   235.00;    0.2;eor
       7370;20220108;    1;  2441.00;   166.00;   167.00;    0.2;eor
       7370;20220109;    1;  2699.00;   140.00;   143.00;    0.0;eor
       7370;20220110;    1;  2617.00;   285.00;   291.00;    0.3;eor
       7370;20220111;    1;  2325.00;   201.00;   202.00;    0.0;eor
       7370;20220112;    1;  2477.00;   253.00;   254.00;    0.0;eor
       7370;20220113;    1;  2622.00;   157.00;   158.00;    0.0;eor
       7370;20220114;    1;  2514.00;   296.00;   306.00;    0.4;eor
       7370;20220115;    1;     -999;   255.00;   432.00;    3.4;eor
       7370;20220116;    1;  2661.00;    79.00;    81.00;    0.0;eor
       7370;20220117;    1;  2747.00;    59.00;    61.00;    0.0;eor
       7370;20220118;    1;     -999;   262.00;   263.00;    0.0;eor
       7370;20220119;    1;  2550.00;   186.00;   469.00;    3.8;eor
       7370;20220120;    1;  2571.00;   170.00;   171.00;    0.1;eor
       7370;20220121;    1;  2206.00;   315.00;   370.00;    1.6;eor
       7370;20220122;    1;  2765.00;   232.00;   234.00;    0.0;eor
       7370;20220123;    1;  2691.00;   328.00;   340.00;    0.1;eor
       7370;20220124;    1;  2733.00;   183.00;   184.00;    0.0;eor
       7370;20220125;    1;  2708.00;   166.00;   167.00;    0.0;eor
       7370;20220126;    1;  2635.00;   130.00;   132.00;    0.0;eor
       7370;20220127;    1;  2644.00;   149.00;   152.00;    0.0;eor
       7370;20220128;    1;  2544.00;   248.00;   263.00;    0.3;eor
       7370;20220129;    1;  2764.00;    92.00;    94.00;    0.0;eor
       7370;20220130;    1;  2563.00;   216.00;   228.00;    0.6;eor
       7370;20220131;    1;  2689.00;   143.00;   144.00;    0.0;eor
       7370;20220201;    1;     -999;   185.00;   186.00;    0.0;eor
       7370;20220202;    1;     -999;   363.00;   448.00;    2.1;eor
       7370;20220203;    1;  2657.00;   188.00;   191.00;    0.0;eor
       7370;20220204;    1;  2807.00;   250.00;   266.00;    0.2;eor
       7370;20220205;    1;  2552.00;   358.00;   376.00;    0.6;eor
       7370;20220206;    1;  2740.00;   140.00;   142.00;    0.0;eor
       7370;20220207;    1;  2563.00;   369.00;   465.00;    1.7;eor
       7370;20220208;    1;  2772.00;   100.00;   103.00;    0.0;eor
       7370;20220209;    1;  2607.00;   280.00;   313.00;    1.4;eor
       7370;20220210;    1;  2437.00;   226.00;   744.00;    5.8;eor
       7370;20220211;    1;  2664.00;   316.00;   415.00;    1.4;eor
       7370;20220212;    1;  2172.00;   185.00;   973.00;    7.7;eor
       7370;20220213;    1;  1978.00;   180.00;  1028.00;    9.3;eor
       7370;20220214;    1;     -999;   293.00;   944.00;    6.6;eor
       7370;20220215;    1;  2697.00;   232.00;   233.00;    0.0;eor
       7370;20220216;    1;  2783.00;   285.00;   290.00;    0.0;eor
       7370;20220217;    1;  2740.00;   325.00;   603.00;    2.9;eor
       7370;20220218;    1;     -999;   322.00;   327.00;    0.0;eor
       7370;20220219;    1;     -999;   331.00;  1045.00;    7.7;eor
       7370;20220220;    1;  2813.00;   170.00;   174.00;    0.0;eor
       7370;20220221;    1;  2725.00;   375.00;   506.00;    2.0;eor
       7370;20220222;    1;     -999;   448.00;   565.00;    1.7;eor
       7370;20220223;    1;  2279.00;   350.00;  1074.00;    6.9;eor
       7370;20220224;    1;     -999;   539.00;  1081.00;    7.7;eor
       7370;20220225;    1;  2573.00;   475.00;   734.00;    2.9;eor
       7370;20220226;    1;  2527.00;   427.00;   435.00;    0.0;eor
       7370;20220227;    1;     -999;   480.00;   816.00;    4.7;eor
       7370;20220228;    1;  1890.00;   272.00;  1323.00;   10.2;eor
       7370;20220301;    1;  1864.00;   215.00;  1377.00;   10.0;eor
       7370;20220302;    1;     -999;   688.00;   994.00;    7.2;eor
       7370;20220303;    1;  1892.00;   244.00;  1401.00;   10.4;eor
       7370;20220304;    1;     -999;   581.00;  1147.00;    6.2;eor
       7370;20220305;    1;     -999;   583.00;   609.00;    0.5;eor
       7370;20220306;    1;     -999;   487.00;   523.00;    0.6;eor
       7370;20220307;    1;     -999;   617.00;  1166.00;    5.6;eor
       7370;20220308;    1;  1984.00;   219.00;  1550.00;   10.7;eor
       7370;20220309;    1;  2018.00;   206.00;  1554.00;   10.8;eor
       7370;20220310;    1;  2001.00;   219.00;  1596.00;   10.8;eor
       7370;20220311;    1;  1823.00;   214.00;  1665.00;   10.9;eor
       7370;20220312;    1;  1881.00;   211.00;  1691.00;   10.7;eor
       7370;20220313;    1;  1966.00;   219.00;  1691.00;   11.0;eor
       7370;20220314;    1;     -999;   588.00;  1066.00;    6.3;eor
       7370;20220315;    1;     -999;   560.00;   587.00;    0.0;eor
       7370;20220316;    1;     -999;   730.00;  1441.00;    9.3;eor
       7370;20220317;    1;     -999;   702.00;   754.00;    0.8;eor
       7370;20220318;    1;  2434.00;   913.00;  1121.00;    3.6;eor
       7370;20220319;    1;     -999;   648.00;  1329.00;    8.4;eor
       7370;20220320;    1;  2113.00;   470.00;  1684.00;    9.0;eor
       7370;20220321;    1;  2038.00;   383.00;  1805.00;   11.4;eor
       7370;20220322;    1;  2080.00;   235.00;  1898.00;   11.6;eor
       7370;20220323;    1;     -999;   238.00;  1903.00;   11.6;eor
       7370;20220324;    1;     -999;   345.00;  1866.00;   11.6;eor
       7370;20220325;    1;     -999;   483.00;  1835.00;   11.6;eor
       7370;20220326;    1;     -999;   387.00;  1950.00;   11.7;eor
       7370;20220327;    1;  2445.00;   464.00;  1930.00;   11.5;eor
       7370;20220328;    1;     -999;   467.00;  1886.00;   11.3;eor
       7370;20220329;    1;  2649.00;   954.00;  1410.00;    5.3;eor
       7370;20220330;    1;  2895.00;   369.00;   385.00;    0.0;eor
       7370;20220331;    1;  2838.00;   295.00;   305.00;    0.0;eor
       7370;20220401;    1;  2723.00;   374.00;   384.00;    0.0;eor
       7370;20220402;    1;  2537.00;   687.00;   707.00;    0.0;eor
       7370;20220403;    1;     -999;   920.00;  1329.00;    3.7;eor
       7370;20220404;    1;  2221.00;   715.00;  1801.00;    8.8;eor
       7370;20220405;    1;  2817.00;   133.00;   141.00;    0.0;eor
       7370;20220406;    1;     -999;     -999;     -999;-999;eor
       7370;20220407;    1;     -999;     -999;     -999;-999;eor
       7370;20220408;    1;     -999;   665.00;   785.00;    2.5;eor
       7370;20220409;    1;  2470.00;   647.00;   980.00;    3.1;eor
       7370;20220410;    1;  2379.00;   740.00;  1111.00;    3.3;eor
       7370;20220411;    1;  2133.00;   473.00;  2281.00;   12.6;eor
       7370;20220412;    1;     -999;     -999;     -999;-999;eor
       7370;20220413;    1;  2559.00;   967.00;  2047.00;   11.1;eor
       7370;20220414;    1;     -999;   816.00;  2005.00;   10.9;eor
       7370;20220415;    1;     -999;   786.00;  1869.00;    7.9;eor
       7370;20220416;    1;  2401.00;   508.00;  1912.00;    8.4;eor
       7370;20220417;    1;  2153.00;   617.00;  2356.00;   12.9;eor
       7370;20220418;    1;     -999;   987.00;  1559.00;    5.8;eor
       7370;20220419;    1;     -999;   886.00;  1320.00;    4.8;eor
       7370;20220420;    1;  2346.00;   551.00;  2369.00;   10.6;eor
       7370;20220421;    1;  2563.00;  1011.00;  1363.00;    3.1;eor
       7370;20220422;    1;  2736.00;  1057.00;  2042.00;    7.0;eor
       7370;20220423;    1;  2770.00;   968.00;  1533.00;    5.1;eor
       7370;20220424;    1;     -999;   625.00;   667.00;    0.4;eor
       7370;20220425;    1;  2817.00;   800.00;   976.00;    1.4;eor
       7370;20220426;    1;  2852.00;   512.00;   554.00;    1.3;eor
       7370;20220427;    1;  2801.00;   920.00;  1325.00;    3.1;eor
       7370;20220428;    1;     -999;   906.00;  2025.00;    8.2;eor
       7370;20220429;    1;  2491.00;  1223.00;  2207.00;    9.7;eor
       7370;20220430;    1;  2747.00;  1024.00;  1882.00;    5.3;eor
       7370;20220501;    1;  2937.00;   877.00;  1050.00;    1.1;eor
       7370;20220502;    1;  2758.00;   833.00;  1197.00;    2.8;eor
       7370;20220503;    1;  2831.00;   781.00;  1662.00;    5.1;eor
       7370;20220504;    1;  2812.00;   777.00;  1211.00;    3.1;eor
       7370;20220505;    1;  3004.00;   926.00;  1805.00;    5.1;eor
       7370;20220506;    1;  2934.00;  1055.00;  1143.00;    0.4;eor
       7370;20220507;    1;  2809.00;  1273.00;  1844.00;    6.2;eor
       7370;20220508;    1;  2743.00;  1095.00;  2042.00;    9.6;eor
       7370;20220509;    1;  2742.00;   779.00;  2317.00;   11.1;eor
       7370;20220510;    1;  2766.00;   677.00;  2682.00;   12.6;eor
       7370;20220511;    1;  2903.00;   629.00;  2600.00;   12.1;eor
       7370;20220512;    1;  2991.00;   962.00;  2196.00;   10.2;eor
       7370;20220513;    1;  2931.00;   912.00;  1945.00;    7.6;eor
       7370;20220514;    1;     -999;   431.00;  2813.00;   14.1;eor
       7370;20220515;    1;  2721.00;   518.00;  2832.00;   14.4;eor
       7370;20220516;    1;  3029.00;  1064.00;  1902.00;    7.9;eor
       7370;20220517;    1;  3041.00;   982.00;  2299.00;    8.5;eor
       7370;20220518;    1;  2770.00;   744.00;  2678.00;   12.8;eor
       7370;20220519;    1;  2844.00;   678.00;  2804.00;   12.5;eor
       7370;20220520;    1;  3120.00;   848.00;  2597.00;   12.6;eor
       7370;20220521;    1;  2823.00;  1025.00;  2415.00;   10.8;eor
       7370;20220522;    1;  2758.00;   901.00;  2369.00;   10.1;eor
       7370;20220523;    1;  3026.00;  1156.00;  1617.00;    3.9;eor
       7370;20220524;    1;  3201.00;   638.00;   685.00;    0.3;eor
       7370;20220525;    1;  2975.00;   885.00;  1386.00;    4.1;eor
       7370;20220526;    1;  2812.00;  1150.00;  1878.00;    7.3;eor
       7370;20220527;    1;  2982.00;   697.00;   836.00;    2.6;eor
       7370;20220528;    1;     -999;   930.00;  2323.00;   10.9;eor
       7370;20220529;    1;     -999;  1190.00;  1845.00;    6.4;eor
       7370;20220530;    1;     -999;   798.00;  2844.00;   12.2;eor
       7370;20220531;    1;     -999;   588.00;  2684.00;   10.7;eor
       7370;20220601;    1;  2853.00;  1089.00;  2336.00;    9.3;eor
       7370;20220602;    1;  2779.00;   978.00;  2864.00;   13.0;eor
       7370;20220603;    1;  2991.00;   656.00;  2716.00;   11.3;eor
       7370;20220604;    1;  3024.00;   984.00;  1963.00;    9.4;eor
       7370;20220605;    1;  3130.00;  1220.00;  1721.00;    6.0;eor
       7370;20220606;    1;  3188.00;  1055.00;  2110.00;    6.6;eor
       7370;20220607;    1;  3117.00;  1049.00;  1200.00;    1.5;eor
       7370;20220608;    1;  2937.00;  1011.00;  2397.00;    8.2;eor
       7370;20220609;    1;  3178.00;  1108.00;  1167.00;    0.4;eor
       7370;20220610;    1;  2909.00;   958.00;  2133.00;    8.0;eor
       7370;20220611;    1;  2855.00;   838.00;  2731.00;   12.4;eor
       7370;20220612;    1;  2952.00;   581.00;  3012.00;   14.5;eor
       7370;20220613;    1;  2963.00;   897.00;  2387.00;    8.6;eor
       7370;20220614;    1;  2649.00;   776.00;  2986.00;   15.1;eor
       7370;20220615;    1;  2725.00;   372.00;  3168.00;   15.4;eor
       7370;20220616;    1;  2984.00;  1119.00;  2705.00;   12.0;eor
       7370;20220617;    1;  2882.00;   795.00;  3015.00;   14.0;eor
       7370;20220618;    1;  2993.00;   705.00;  2981.00;   14.5;eor
       7370;20220619;    1;  3177.00;   734.00;  2968.00;   14.1;eor
       7370;20220620;    1;  3178.00;  1102.00;  1667.00;    5.1;eor
       7370;20220621;    1;     -999;   620.00;  3134.00;   15.4;eor
       7370;20220622;    1;  3129.00;  1076.00;  1876.00;    6.8;eor
       7370;20220623;    1;  3215.00;   909.00;  2923.00;   12.3;eor
       7370;20220624;    1;  3212.00;   896.00;  1056.00;    2.8;eor
       7370;20220625;    1;  3192.00;   806.00;  1864.00;    7.1;eor
       7370;20220626;    1;  3046.00;   519.00;  2923.00;   14.3;eor
       7370;20220627;    1;  3225.00;   633.00;  2904.00;   13.0;eor
       7370;20220628;    1;  3296.00;  1076.00;  2023.00;    6.2;eor
       7370;20220629;    1;  3356.00;  1182.00;  1347.00;    2.9;eor
       7370;20220630;    1;  3201.00;   845.00;  2619.00;   10.6;eor
       7370;20220701;    1;  3150.00;   584.00;   640.00;    1.0;eor
       7370;20220702;    1;  2782.00;   562.00;  3037.00;   12.8;eor
       7370;20220703;    1;  2890.00;   461.00;  3029.00;   14.9;eor
       7370;20220704;    1;  3177.00;  1139.00;  1974.00;    6.0;eor
       7370;20220705;    1;  2983.00;   809.00;  2709.00;   12.5;eor
       7370;20220706;    1;  2841.00;   933.00;  2627.00;   11.8;eor
       7370;20220707;    1;  3121.00;   567.00;   592.00;    0.0;eor
       7370;20220708;    1;  3018.00;  1109.00;  1714.00;    4.4;eor
       7370;20220709;    1;  3080.00;   991.00;  1271.00;    2.1;eor
       7370;20220710;    1;  3006.00;  1225.00;  1430.00;    1.5;eor
       7370;20220711;    1;  2990.00;   990.00;  1975.00;    5.9;eor
       7370;20220712;    1;  2866.00;   862.00;  2436.00;   11.6;eor
       7370;20220713;    1;  3063.00;  1377.00;  2235.00;    6.5;eor
       7370;20220714;    1;  3136.00;  1038.00;  2281.00;    9.2;eor
       7370;20220715;    1;  2718.00;   938.00;  2765.00;   13.7;eor
       7370;20220716;    1;  2749.00;   804.00;  2688.00;   12.6;eor
       7370;20220717;    1;  2686.00;   396.00;  3007.00;   14.9;eor
       7370;20220718;    1;  2875.00;   859.00;  2713.00;   13.2;eor
       7370;20220719;    1;     -999;     -999;     -999;-999;eor
       7370;20220720;    1;  3106.00;   562.00;  2862.00;   14.6;eor
       7370;20220721;    1;  3249.00;   876.00;  1127.00;    4.7;eor
       7370;20220722;    1;  3064.00;   645.00;  2674.00;   14.0;eor
       7370;20220723;    1;  3225.00;  1113.00;  2003.00;    7.7;eor
       7370;20220724;    1;  3059.00;   791.00;  2640.00;   13.6;eor
       7370;20220725;    1;  3190.00;   422.00;  2686.00;   12.3;eor
       7370;20220726;    1;  3114.00;   859.00;  2053.00;    8.3;eor
       7370;20220727;    1;  2948.00;   984.00;  1661.00;    7.0;eor
       7370;20220728;    1;  2915.00;   637.00;  2575.00;   11.8;eor
       7370;20220729;    1;  3288.00;   849.00;  1327.00;    3.2;eor
       7370;20220730;    1;  3181.00;   977.00;  1665.00;    4.7;eor
       7370;20220731;    1;  3122.00;  1055.00;  2390.00;    8.4;eor
       7370;20220801;    1;  3136.00;   974.00;  1967.00;    8.0;eor
       7370;20220802;    1;  3034.00;   627.00;  2551.00;   12.5;eor
       7370;20220803;    1;  3105.00;   436.00;  2750.00;   14.3;eor
       7370;20220804;    1;  3122.00;   354.00;  2684.00;   14.3;eor
       7370;20220805;    1;  3254.00;   754.00;  2508.00;   12.6;eor
       7370;20220806;    1;  3010.00;   928.00;  2280.00;    9.0;eor
       7370;20220807;    1;  2700.00;   553.00;  2654.00;   13.5;eor
       7370;20220808;    1;  2711.00;   331.00;  2690.00;   13.9;eor
       7370;20220809;    1;  2772.00;   441.00;  2596.00;   13.7;eor
       7370;20220810;    1;  2837.00;   590.00;  2334.00;   11.1;eor
       7370;20220811;    1;  2798.00;   512.00;  2497.00;   13.7;eor
       7370;20220812;    1;  2836.00;   787.00;  2137.00;   11.0;eor
       7370;20220813;    1;  2964.00;   781.00;  2158.00;    9.2;eor
       7370;20220814;    1;  3066.00;   670.00;  2036.00;   11.6;eor
       7370;20220815;    1;  3031.00;  1055.00;  2020.00;   10.1;eor
       7370;20220816;    1;  3015.00;   588.00;  2030.00;   10.2;eor
       7370;20220817;    1;  3072.00;   633.00;  2323.00;   12.0;eor
       7370;20220818;    1;  3412.00;   945.00;  1807.00;    6.5;eor
       7370;20220819;    1;  3422.00;   710.00;   908.00;    1.7;eor
       7370;20220820;    1;  3313.00;   646.00;   685.00;    0.2;eor
       7370;20220821;    1;  3084.00;   749.00;  1773.00;    7.3;eor
       7370;20220822;    1;  2965.00;   878.00;  1260.00;    3.5;eor
       7370;20220823;    1;  2930.00;   871.00;  1861.00;    8.7;eor
       7370;20220824;    1;  3074.00;  1130.00;  1383.00;    4.1;eor
       7370;20220825;    1;  3082.00;   736.00;  2150.00;   11.7;eor
       7370;20220826;    1;  3253.00;   777.00;   913.00;    1.4;eor
       7370;20220827;    1;  3279.00;  1012.00;  1321.00;    3.0;eor
       7370;20220828;    1;  3312.00;   797.00;   917.00;    1.1;eor
       7370;20220829;    1;  3036.00;   906.00;  1608.00;    5.6;eor
       7370;20220830;    1;  2974.00;   861.00;  1647.00;    7.8;eor
       7370;20220831;    1;  3090.00;   395.00;   410.00;    0.0;eor
       7370;20220901;    1;  2801.00;   855.00;  1763.00;    7.9;eor
       7370;20220902;    1;  2551.00;   413.00;  2221.00;   12.5;eor
       7370;20220903;    1;  2843.00;   637.00;  1662.00;    7.6;eor
       7370;20220904;    1;  3024.00;   658.00;  2114.00;    9.4;eor
       7370;20220905;    1;  2915.00;   455.00;  1721.00;    9.9;eor
       7370;20220906;    1;  2939.00;   705.00;  1931.00;   11.0;eor
       7370;20220907;    1;  3062.00;   808.00;  1545.00;    8.5;eor
       7370;20220908;    1;  3064.00;   637.00;   812.00;    2.3;eor
       7370;20220909;    1;  2966.00;   744.00;  1309.00;    4.5;eor
       7370;20220910;    1;  3118.00;   685.00;   889.00;    1.7;eor
       7370;20220911;    1;  3103.00;   748.00;  1067.00;    2.4;eor
       7370;20220912;    1;  2839.00;   649.00;  1705.00;    7.6;eor
       7370;20220913;    1;  2932.00;   969.00;  1279.00;    5.6;eor
       7370;20220914;    1;  3281.00;   314.00;   349.00;    0.4;eor
       7370;20220915;    1;  3204.00;   380.00;   410.00;    0.3;eor
       7370;20220916;    1;  2882.00;   662.00;   748.00;    1.1;eor
       7370;20220917;    1;  2853.00;   410.00;   485.00;    1.2;eor
       7370;20220918;    1;  2993.00;   328.00;   339.00;    0.0;eor
       7370;20220919;    1;  2913.00;   516.00;   706.00;    1.6;eor
       7370;20220920;    1;  2790.00;   662.00;  1146.00;    5.0;eor
       7370;20220921;    1;     -999;   634.00;  1119.00;    4.3;eor
       7370;20220922;    1;     -999;   490.00;  1453.00;    7.4;eor
       7370;20220923;    1;     -999;   441.00;  1674.00;   11.2;eor
       7370;20220924;    1;  2841.00;   616.00;   904.00;    2.7;eor
       7370;20220925;    1;  2863.00;   740.00;   944.00;    2.7;eor
       7370;20220926;    1;  2907.00;   581.00;  1076.00;    4.6;eor
       7370;20220927;    1;  2952.00;   526.00;   670.00;    1.3;eor
       7370;20220928;    1;     -999;     -999;     -999;-999;eor
       7370;20220929;    1;  2836.00;   677.00;   922.00;    3.4;eor
       7370;20220930;    1;  2765.00;   591.00;   908.00;    3.9;eor
       7370;20221001;    1;  2904.00;   363.00;   377.00;    0.1;eor
       7370;20221002;    1;  3086.00;   232.00;   240.00;    0.0;eor
       7370;20221003;    1;     -999;   646.00;   730.00;    1.0;eor
       7370;20221004;    1;     -999;   494.00;  1128.00;    5.9;eor
       7370;20221005;    1;     -999;   613.00;  1229.00;    9.7;eor
       7370;20221006;    1;  2772.00;   508.00;   809.00;    4.3;eor
       7370;20221007;    1;  2593.00;   331.00;  1187.00;    7.4;eor
       7370;20221008;    1;     -999;   389.00;   426.00;    1.2;eor
       7370;20221009;    1;     -999;   276.00;  1324.00;    8.6;eor
       7370;20221010;    1;     -999;   396.00;  1193.00;    8.0;eor
       7370;20221011;    1;  3019.00;   629.00;   735.00;    1.4;eor
       7370;20221012;    1;  2814.00;   599.00;  1064.00;    5.7;eor
       7370;20221013;    1;  3038.00;   374.00;   408.00;    0.5;eor
       7370;20221014;    1;  3036.00;   506.00;   605.00;    1.7;eor
       7370;20221015;    1;  3234.00;   299.00;   305.00;    0.1;eor
       7370;20221016;    1;  2981.00;   491.00;   881.00;    5.1;eor
       7370;20221017;    1;  2681.00;     -999;  1166.00;-999;eor
       7370;20221018;    1;  2972.00;     -999;   696.00;-999;eor
       7370;20221019;    1;  2560.00;     -999;  1025.00;-999;eor
       7370;20221020;    1;  2452.00;     -999;  1104.00;-999;eor
       7370;20221021;    1;  2898.00;     -999;   497.00;-999;eor
       7370;20221022;    1;  2901.00;     -999;   671.00;-999;eor
       7370;20221023;    1;  2805.00;     -999;   858.00;-999;eor
       7370;20221024;    1;  3155.00;     -999;   214.00;-999;eor
       7370;20221025;    1;  2749.00;     -999;   679.00;-999;eor
       7370;20221026;    1;  2872.00;     -999;   607.00;-999;eor
       7370;20221027;    1;  2624.00;     -999;  1009.00;-999;eor
       7370;20221028;    1;  2829.00;     -999;   653.00;-999;eor
       7370;20221029;    1;  2833.00;     -999;   739.00;-999;eor
       7370;20221030;    1;  2741.00;     -999;   879.00;-999;eor
       7370;20221031;    1;  2643.00;     -999;   871.00;-999;eor
       7370;20221101;    1;  2814.00;     -999;   646.00;-999;eor
       7370;20221102;    1;  2644.00;     -999;   638.00;-999;eor
       7370;20221103;    1;     -999;     -999;   808.00;-999;eor
       7370;20221104;    1;  2916.00;   161.00;   163.00;    0.0;eor
       7370;20221105;    1;  2846.00;   377.00;   426.00;    0.7;eor
       7370;20221106;    1;  2617.00;   364.00;   684.00;    5.6;eor
       7370;20221107;    1;  2758.00;   373.00;   625.00;    4.6;eor
       7370;20221108;    1;     -999;   289.00;   770.00;    7.8;eor
       7370;20221109;    1;  2729.00;   356.00;   575.00;    4.5;eor
       7370;20221110;    1;  2684.00;   350.00;   606.00;    3.8;eor
       7370;20221111;    1;  2724.00;   355.00;   373.00;    0.8;eor
       7370;20221112;    1;     -999;   320.00;   647.00;    7.2;eor
       7370;20221113;    1;  2221.00;   152.00;   788.00;    8.4;eor
       7370;20221114;    1;     -999;   193.00;   705.00;    8.3;eor
       7370;20221115;    1;     -999;   147.00;   723.00;    8.5;eor
       7370;20221116;    1;  2838.00;   106.00;   106.00;    0.0;eor
       7370;20221117;    1;  2851.00;   171.00;   187.00;    0.2;eor
       7370;20221118;    1;  2918.00;    78.00;    80.00;    0.0;eor
       7370;20221119;    1;  2609.00;   243.00;   243.00;    0.0;eor
       7370;20221120;    1;  2723.00;   133.00;   137.00;    0.0;eor
       7370;20221121;    1;     -999;   162.00;   181.00;    0.3;eor
       7370;20221122;    1;     -999;   121.00;   126.00;    0.0;eor
       7370;20221123;    1;  2647.00;   280.00;   287.00;    0.1;eor
       7370;20221124;    1;  2874.00;   104.00;   107.00;    0.0;eor
       7370;20221125;    1;  2734.00;   261.00;   328.00;    1.0;eor
       7370;20221126;    1;  2707.00;   179.00;   280.00;    1.5;eor
       7370;20221127;    1;     -999;   225.00;   227.00;    0.0;eor
       7370;20221128;    1;  2592.00;   276.00;   286.00;    0.3;eor
       7370;20221129;    1;  2783.00;   174.00;   176.00;    0.0;eor
       7370;20221130;    1;  2572.00;   106.00;   109.00;    0.0;eor
       7370;20221201;    1;  2618.00;   272.00;   296.00;    0.5;eor
       7370;20221202;    1;  2680.00;    71.00;    72.00;    0.0;eor
       7370;20221203;    1;  2643.00;   151.00;   152.00;    0.0;eor
       7370;20221204;    1;     -999;   306.00;   321.00;    0.1;eor
       7370;20221205;    1;     -999;     -999;     -999;-999;eor
       7370;20221206;    1;  2759.00;    55.00;    57.00;    0.0;eor
       7370;20221207;    1;  2691.00;    68.00;    73.00;    0.0;eor
       7370;20221208;    1;  2410.00;   277.00;   477.00;    4.1;eor
       7370;20221209;    1;  2462.00;   193.00;   197.00;    0.0;eor
       7370;20221210;    1;  2581.00;   151.00;   153.00;    0.0;eor
       7370;20221211;    1;     -999;   183.00;   205.00;    0.9;eor
       7370;20221212;    1;     -999;   165.00;   535.00;    6.8;eor
       7370;20221213;    1;  1821.00;   109.00;   543.00;    7.1;eor
       7370;20221214;    1;     -999;   164.00;   165.00;    0.0;eor
       7370;20221215;    1;     -999;   241.00;   256.00;    0.3;eor
       7370;20221216;    1;  2564.00;   223.00;   224.00;    0.0;eor
       7370;20221217;    1;     -999;   176.00;   491.00;    5.3;eor
       7370;20221218;    1;     -999;   146.00;   520.00;    6.3;eor
       7370;20221219;    1;  2509.00;   214.00;   216.00;    0.0;eor
       7370;20221220;    1;  2668.00;   203.00;   211.00;    0.1;eor
       7370;20221221;    1;  2844.00;    46.00;    49.00;    0.0;eor
       7370;20221222;    1;  2971.00;   128.00;   132.00;    0.0;eor
       7370;20221223;    1;  3055.00;    83.00;    83.00;    0.0;eor
       7370;20221224;    1;  2898.00;   137.00;   140.00;    0.0;eor
       7370;20221225;    1;  2711.00;   261.00;   418.00;    3.6;eor
       7370;20221226;    1;  2884.00;    61.00;    63.00;    0.0;eor
       7370;20221227;    1;  2365.00;   225.00;   338.00;    2.8;eor
       7370;20221228;    1;     -999;   217.00;   328.00;    2.4;eor
       7370;20221229;    1;     -999;   247.00;   325.00;    2.2;eor
       7370;20221230;    1;  2804.00;   250.00;   267.00;    0.6;eor
       7370;20221231;    1;  2865.00;   184.00;   236.00;    1.8;eor
       7370;20230101;    1;  2518.00;   210.00;   460.00;    6.7;eor
       7370;20230102;    1;     -999;   220.00;   491.00;    6.8;eor
       7370;20230103;    1;     -999;   245.00;   383.00;    3.7;eor
       7370;20230104;    1;  2875.00;   114.00;   117.00;    0.0;eor
       7370;20230105;    1;  2966.00;   135.00;   138.00;    0.0;eor
       7370;20230106;    1;  2966.00;   128.00;   132.00;    0.0;eor
       7370;20230107;    1;     -999;   249.00;   293.00;    1.3;eor
       7370;20230108;    1;     -999;   218.00;   231.00;    0.2;eor
       7370;20230109;    1;  2831.00;   108.00;   110.00;    0.0;eor
       7370;20230110;    1;  2624.00;   153.00;   154.00;    0.0;eor
       7370;20230111;    1;  2829.00;   174.00;   176.00;    0.0;eor
       7370;20230112;    1;  2811.00;   136.00;   141.00;    0.0;eor
       7370;20230113;    1;  2846.00;   176.00;   185.00;    0.2;eor
       7370;20230114;    1;  2696.00;   223.00;   385.00;    3.1;eor
       7370;20230115;    1;  2808.00;   109.00;   111.00;    0.0;eor
       7370;20230116;    1;     -999;   169.00;   544.00;    5.2;eor
       7370;20230117;    1;  2330.00;   249.00;   479.00;    4.4;eor
       7370;20230118;    1;  2651.00;    92.00;    93.00;    0.0;eor
       7370;20230119;    1;     -999;   187.00;   200.00;    0.2;eor
       7370;20230120;    1;  2523.00;   240.00;   246.00;    0.0;eor
       7370;20230121;    1;  2501.00;   294.00;   296.00;    0.0;eor
       7370;20230122;    1;  2626.00;   208.00;   208.00;    0.0;eor
       7370;20230123;    1;  2685.00;   187.00;   187.00;    0.0;eor
       7370;20230124;    1;  2708.00;   203.00;   203.00;    0.0;eor
       7370;20230125;    1;  2650.00;   201.00;   202.00;    0.0;eor
       7370;20230126;    1;  2616.00;   148.00;   150.00;    0.0;eor
       7370;20230127;    1;  2609.00;   205.00;   206.00;    0.0;eor
       7370;20230128;    1;  2605.00;   163.00;   164.00;    0.0;eor
       7370;20230129;    1;  2409.00;   375.00;   379.00;    0.0;eor
       7370;20230130;    1;  2655.00;   149.00;   150.00;    0.0;eor
       7370;20230131;    1;     -999;     -999;     -999;-999;eor
       7370;20230201;    1;  2754.00;   219.00;   234.00;    0.3;eor
       7370;20230202;    1;  2723.00;   148.00;   154.00;    0.0;eor
       7370;20230203;    1;  2798.00;    75.00;    77.00;    0.0;eor
       7370;20230204;    1;  2270.00;   349.00;   609.00;    4.0;eor
       7370;20230205;    1;     -999;   444.00;   573.00;    2.2;eor
       7370;20230206;    1;     -999;   420.00;   485.00;    1.0;eor
       7370;20230207;    1;  1761.00;   164.00;   947.00;    9.0;eor
       7370;20230208;    1;  1758.00;   186.00;   957.00;    9.1;eor
       7370;20230209;    1;  1794.00;   175.00;   974.00;    9.1;eor
       7370;20230210;    1;     -999;   478.00;   784.00;    5.1;eor
       7370;20230211;    1;  2621.00;   230.00;   231.00;    0.0;eor
       7370;20230212;    1;  2765.00;   461.00;   520.00;    0.8;eor
       7370;20230213;    1;     -999;   310.00;   364.00;    1.6;eor
       7370;20230214;    1;  2611.00;   387.00;   389.00;    0.0;eor
       7370;20230215;    1;     -999;   480.00;   528.00;    0.8;eor
       7370;20230216;    1;  2519.00;   438.00;   654.00;    3.5;eor
       7370;20230217;    1;  2938.00;   164.00;   169.00;    0.0;eor
       7370;20230218;    1;  3043.00;   247.00;   248.00;    0.0;eor
       7370;20230219;    1;  2912.00;   221.00;   227.00;    0.1;eor
       7370;20230220;    1;  2588.00;   493.00;   804.00;    5.4;eor
       7370;20230221;    1;     -999;   498.00;   701.00;    2.8;eor
       7370;20230222;    1;     -999;   429.00;  1054.00;    8.5;eor
       7370;20230223;    1;  2750.00;   575.00;   680.00;    2.0;eor
       7370;20230224;    1;  2848.00;   399.00;   427.00;    0.3;eor
       7370;20230225;    1;     -999;   324.00;   370.00;    0.7;eor
       7370;20230226;    1;     -999;   609.00;   828.00;    3.1;eor
       7370;20230227;    1;  2239.00;   599.00;   843.00;    2.9;eor
       7370;20230228;    1;     -999;   533.00;  1123.00;    7.2;eor
       7370;20230301;    1;  2012.00;   287.00;  1330.00;   10.1;eor
       7370;20230302;    1;  2128.00;   300.00;  1353.00;   10.2;eor
       7370;20230303;    1;  2102.00;   319.00;  1355.00;   10.4;eor
       7370;20230304;    1;  2398.00;   298.00;   309.00;    0.6;eor
       7370;20230305;    1;  2565.00;   290.00;   295.00;    0.0;eor
       7370;20230306;    1;  2569.00;   497.00;   518.00;    0.0;eor
       7370;20230307;    1;     -999;   342.00;   354.00;    0.1;eor
       7370;20230308;    1;  2771.00;   280.00;   286.00;    0.0;eor
       7370;20230309;    1;  2815.00;   327.00;   345.00;    0.2;eor
       7370;20230310;    1;  2786.00;   498.00;   749.00;    2.4;eor
       7370;20230311;    1;  2450.00;   501.00;   567.00;    0.5;eor
       7370;20230312;    1;  2513.00;   615.00;   732.00;    1.6;eor
       7370;20230313;    1;  2780.00;   407.00;   471.00;    1.5;eor
       7370;20230314;    1;  2881.00;   555.00;   626.00;    0.6;eor
       7370;20230315;    1;     -999;   556.00;   897.00;    3.2;eor
       7370;20230316;    1;     -999;   260.00;  1739.00;   10.8;eor
       7370;20230317;    1;     -999;   459.00;  1567.00;    8.4;eor
       7370;20230318;    1;  2413.00;   701.00;  1337.00;    8.1;eor
       7370;20230319;    1;     -999;   585.00;   611.00;    0.0;eor
       7370;20230320;    1;     -999;   709.00;   806.00;    0.9;eor
       7370;20230321;    1;     -999;   332.00;  1727.00;    8.9;eor
       7370;20230322;    1;     -999;   499.00;  1660.00;    9.2;eor
       7370;20230323;    1;  2906.00;   578.00;   647.00;    0.7;eor
       7370;20230324;    1;  2997.00;   495.00;   523.00;    0.2;eor
       7370;20230325;    1;  2672.00;   612.00;   942.00;    2.7;eor
       7370;20230326;    1;  2729.00;   581.00;   698.00;    2.2;eor
       7370;20230327;    1;     -999;   625.00;  1230.00;    5.0;eor
       7370;20230328;    1;     -999;   667.00;  1192.00;    4.3;eor
       7370;20230329;    1;  2738.00;   855.00;  1076.00;    1.8;eor
       7370;20230330;    1;  2873.00;   405.00;   430.00;    0.2;eor
       7370;20230331;    1;  2857.00;   587.00;   842.00;    2.5;eor
       7370;20230401;    1;  2953.00;   538.00;   562.00;    0.1;eor
       7370;20230402;    1;  2787.00;   533.00;   551.00;    0.0;eor
       7370;20230403;    1;  2352.00;   689.00;  1707.00;    6.4;eor
       7370;20230404;    1;  2138.00;   871.00;  1395.00;    4.8;eor
       7370;20230405;    1;  1952.00;   592.00;  2136.00;   11.2;eor
       7370;20230406;    1;  2059.00;   480.00;  2269.00;   12.2;eor
       7370;20230407;    1;     -999;   632.00;  2078.00;   10.7;eor
       7370;20230408;    1;  2757.00;   580.00;   601.00;    0.1;eor
       7370;20230409;    1;     -999;   811.00;  1327.00;    3.7;eor
       7370;20230410;    1;     -999;   782.00;  1675.00;    8.4;eor
       7370;20230411;    1;  2655.00;   673.00;  1197.00;    3.8;eor
       7370;20230412;    1;     -999;   735.00;   771.00;    0.0;eor
       7370;20230413;    1;  2696.00;   895.00;  1132.00;    1.8;eor
       7370;20230414;    1;  2869.00;   538.00;   553.00;    0.0;eor
       7370;20230415;    1;  2875.00;   415.00;   429.00;    0.0;eor
       7370;20230416;    1;  2479.00;   976.00;  1858.00;    7.1;eor
       7370;20230417;    1;  2751.00;   939.00;  1390.00;    3.4;eor
       7370;20230418;    1;  2973.00;   446.00;   458.00;    0.0;eor
       7370;20230419;    1;  2702.00;   568.00;  1136.00;    4.0;eor
       7370;20230420;    1;     -999;   712.00;   790.00;    1.5;eor
       7370;20230421;    1;     -999;   803.00;  1743.00;    7.3;eor
       7370;20230422;    1;     -999;   963.00;  2104.00;   10.9;eor
       7370;20230423;    1;  2907.00;   719.00;  1178.00;    4.3;eor
       7370;20230424;    1;  2847.00;   920.00;  1044.00;    1.3;eor
       7370;20230425;    1;  2754.00;   852.00;  1119.00;    2.1;eor
       7370;20230426;    1;  2280.00;  1026.00;  1906.00;    8.2;eor
       7370;20230427;    1;     -999;  1182.00;  2023.00;    5.5;eor
       7370;20230428;    1;  2990.00;   486.00;   509.00;    0.2;eor
       7370;20230429;    1;  3063.00;   946.00;  1017.00;    0.3;eor
       7370;20230430;    1;     -999;   693.00;  2224.00;    9.9;eor
       7370;20230501;    1;     -999;  1142.00;  1741.00;    7.3;eor
       7370;20230502;    1;     -999;  1166.00;  1431.00;    2.3;eor
       7370;20230503;    1;     -999;   856.00;  2296.00;   11.1;eor
       7370;20230504;    1;     -999;   791.00;  2590.00;   13.3;eor
       7370;20230505;    1;     -999;   789.00;  2195.00;    9.0;eor
       7370;20230506;    1;  3024.00;   909.00;  1705.00;    6.4;eor
       7370;20230507;    1;  2653.00;   930.00;  2628.00;   12.4;eor
       7370;20230508;    1;  2645.00;  1374.00;  2026.00;    9.5;eor
       7370;20230509;    1;  2480.00;   395.00;  2846.00;   13.6;eor
       7370;20230510;    1;  3075.00;   799.00;   822.00;    0.0;eor
       7370;20230511;    1;  3116.00;   661.00;   682.00;    0.0;eor
       7370;20230512;    1;  2931.00;  1095.00;  1173.00;    1.1;eor
       7370;20230513;    1;  2884.00;   952.00;  1525.00;    3.8;eor
       7370;20230514;    1;  2733.00;  1094.00;  1686.00;    4.7;eor
       7370;20230515;    1;  2893.00;  1090.00;  1998.00;    5.7;eor
       7370;20230516;    1;  2875.00;   904.00;  1225.00;    3.6;eor
       7370;20230517;    1;  2699.00;  1322.00;  1929.00;    6.1;eor
       7370;20230518;    1;     -999;  1457.00;  2011.00;    5.6;eor
       7370;20230519;    1;  2799.00;  1278.00;  2041.00;    4.7;eor
       7370;20230520;    1;  2829.00;  1173.00;  2266.00;    9.0;eor
       7370;20230521;    1;  2909.00;  1237.00;  1966.00;    6.9;eor
       7370;20230522;    1;  2914.00;   805.00;  2477.00;   11.1;eor
       7370;20230523;    1;  3021.00;  1113.00;  2099.00;    6.8;eor
       7370;20230524;    1;  2919.00;  1115.00;  1523.00;    5.0;eor
       7370;20230525;    1;  2703.00;   541.00;  2944.00;   13.4;eor
       7370;20230526;    1;  2638.00;   671.00;  2944.00;   14.5;eor
       7370;20230527;    1;  2531.00;   684.00;  3003.00;   14.7;eor
       7370;20230528;    1;     -999;   699.00;  2974.00;   14.8;eor
       7370;20230529;    1;  2589.00;   561.00;  3039.00;   14.4;eor
       7370;20230530;    1;  2667.00;   782.00;  2906.00;   12.8;eor
       7370;20230531;    1;     -999;   463.00;  3082.00;   15.0;eor
       7370;20230601;    1;  2734.00;  1048.00;  2815.00;   14.9;eor
       7370;20230602;    1;  2645.00;   811.00;  2955.00;   14.7;eor
       7370;20230603;    1;  2555.00;   576.00;  3074.00;   15.0;eor
       7370;20230604;    1;  2658.00;   559.00;  3088.00;   14.7;eor
       7370;20230605;    1;  3032.00;  1209.00;  1383.00;    2.9;eor
       7370;20230606;    1;  3120.00;  1018.00;  1403.00;    3.2;eor
       7370;20230607;    1;  2907.00;  1007.00;  2038.00;    8.4;eor
       7370;20230608;    1;  2930.00;  1034.00;  1865.00;    9.3;eor
       7370;20230609;    1;  3001.00;   892.00;  2724.00;   12.0;eor
       7370;20230610;    1;  3046.00;  1142.00;  2151.00;    7.0;eor
       7370;20230611;    1;  2803.00;   734.00;  2897.00;   14.1;eor
       7370;20230612;    1;  2646.00;   559.00;  3140.00;   15.3;eor
       7370;20230613;    1;     -999;   496.00;  3137.00;   14.7;eor
       7370;20230614;    1;  2733.00;   858.00;  2657.00;   12.7;eor
       7370;20230615;    1;  2774.00;   847.00;  2441.00;    9.4;eor
       7370;20230616;    1;  2851.00;  1169.00;  2251.00;    9.5;eor
       7370;20230617;    1;  2901.00;   862.00;  2576.00;    9.3;eor
       7370;20230618;    1;  2790.00;   770.00;  3048.00;   15.2;eor
       7370;20230619;    1;  3163.00;   937.00;  1537.00;    4.7;eor
       7370;20230620;    1;  3248.00;  1103.00;  2360.00;    9.5;eor
       7370;20230621;    1;  3191.00;  1030.00;  2020.00;    9.2;eor
       7370;20230622;    1;  3264.00;   930.00;  2794.00;   13.6;eor
       7370;20230623;    1;  3331.00;   447.00;   462.00;    0.0;eor
       7370;20230624;    1;  2967.00;   880.00;  2744.00;   11.3;eor
       7370;20230625;    1;  2835.00;   435.00;  3101.00;   15.4;eor
       7370;20230626;    1;     -999;     -999;     -999;-999;eor
       7370;20230627;    1;  3025.00;  1440.00;  2047.00;    5.2;eor
       7370;20230628;    1;  2853.00;   968.00;  2590.00;   10.0;eor
       7370;20230629;    1;  2879.00;   573.00;  3042.00;   14.3;eor
       7370;20230630;    1;  3309.00;   971.00;  1041.00;    0.4;eor
       7370;20230701;    1;  3105.00;  1150.00;  2415.00;    8.2;eor
       7370;20230702;    1;  3046.00;  1038.00;  2039.00;    7.7;eor
       7370;20230703;    1;  3061.00;  1239.00;  2075.00;    5.9;eor
       7370;20230704;    1;  3049.00;  1112.00;  2287.00;    9.0;eor
       7370;20230705;    1;  2888.00;   900.00;  2221.00;   10.3;eor
       7370;20230706;    1;  2723.00;   768.00;  2811.00;   13.7;eor
       7370;20230707;    1;  2803.00;   456.00;  3100.00;   15.3;eor
       7370;20230708;    1;  2907.00;   730.00;  2925.00;   14.3;eor
       7370;20230709;    1;  3061.00;   882.00;  2766.00;   13.6;eor
       7370;20230710;    1;  3202.00;  1126.00;  2040.00;   10.4;eor
       7370;20230711;    1;  3209.00;   847.00;  2842.00;   13.3;eor
       7370;20230712;    1;  3335.00;  1157.00;  1740.00;    5.4;eor
       7370;20230713;    1;  2979.00;   893.00;  2645.00;   11.2;eor
       7370;20230714;    1;  2943.00;  1224.00;  2326.00;   10.5;eor
       7370;20230715;    1;  3092.00;   372.00;  2959.00;   14.4;eor
       7370;20230716;    1;  3330.00;  1172.00;  1581.00;    3.8;eor
       7370;20230717;    1;  3139.00;   850.00;  2444.00;    8.3;eor
       7370;20230718;    1;  2917.00;   803.00;  2645.00;   13.4;eor
       7370;20230719;    1;  3108.00;   944.00;  2111.00;    8.7;eor
       7370;20230720;    1;  2954.00;   846.00;  2461.00;   10.0;eor
       7370;20230721;    1;  3080.00;  1121.00;  1998.00;    6.3;eor
       7370;20230722;    1;  2947.00;  1157.00;  2111.00;    7.6;eor
       7370;20230723;    1;  3065.00;  1040.00;  2299.00;    9.1;eor
       7370;20230724;    1;  3145.00;   949.00;  1500.00;    5.2;eor
       7370;20230725;    1;  3068.00;   891.00;  1144.00;    2.4;eor
       7370;20230726;    1;  2905.00;   985.00;  1715.00;    5.2;eor
       7370;20230727;    1;  3047.00;   987.00;  1152.00;    1.4;eor
       7370;20230728;    1;  3343.00;   844.00;  1107.00;    1.9;eor
       7370;20230729;    1;  3296.00;   932.00;  1295.00;    3.8;eor
       7370;20230730;    1;  3159.00;  1006.00;  1582.00;    4.4;eor
       7370;20230731;    1;  3078.00;  1253.00;  1628.00;    3.1;eor
       7370;20230801;    1;     -999;     -999;     -999;-999;eor
       7370;20230802;    1;  3203.00;   676.00;   746.00;    1.4;eor
       7370;20230803;    1;  2958.00;   855.00;  2140.00;   10.4;eor
       7370;20230804;    1;  3110.00;  1011.00;  1108.00;    1.0;eor
       7370;20230805;    1;  3233.00;   751.00;   777.00;    0.0;eor
       7370;20230806;    1;  3191.00;   940.00;  1180.00;    1.7;eor
       7370;20230807;    1;  3104.00;   347.00;   360.00;    0.0;eor
       7370;20230808;    1;  2881.00;  1115.00;  1901.00;    7.5;eor
       7370;20230809;    1;  3061.00;   667.00;  1081.00;    4.4;eor
       7370;20230810;    1;  2803.00;   582.00;  2567.00;   10.8;eor
       7370;20230811;    1;  2813.00;   294.00;  2638.00;   13.4;eor
       7370;20230812;    1;  3092.00;   822.00;  2154.00;    9.2;eor
       7370;20230813;    1;  3246.00;  1092.00;  1516.00;    5.0;eor
       7370;20230814;    1;  3282.00;   822.00;  2109.00;    8.9;eor
       7370;20230815;    1;  3282.00;   533.00;  2071.00;    9.5;eor
       7370;20230816;    1;  3294.00;   690.00;  2128.00;    9.3;eor
       7370;20230817;    1;  3212.00;   592.00;  2282.00;   10.9;eor
       7370;20230818;    1;  3155.00;   657.00;  2365.00;   11.2;eor
       7370;20230819;    1;  3097.00;   347.00;  2414.00;   13.2;eor
       7370;20230820;    1;  3246.00;   541.00;  2386.00;   12.6;eor
       7370;20230821;    1;  3344.00;   680.00;  2162.00;   10.6;eor
       7370;20230822;    1;  3327.00;   658.00;  2143.00;   10.9;eor
       7370;20230823;    1;  3040.00;   389.00;  2347.00;   13.2;eor
       7370;20230824;    1;  3062.00;   778.00;  2040.00;   10.7;eor
       7370;20230825;    1;  3238.00;   867.00;  1468.00;    6.1;eor
       7370;20230826;    1;  3367.00;   688.00;  1213.00;    3.2;eor
       7370;20230827;    1;  3269.00;   540.00;   560.00;    0.0;eor
       7370;20230828;    1;  3215.00;   393.00;   402.00;    0.0;eor
       7370;20230829;    1;  3170.00;   401.00;   414.00;    0.0;eor
       7370;20230830;    1;  3036.00;  1036.00;  1252.00;    1.7;eor
       7370;20230831;    1;  2869.00;   777.00;  1796.00;    8.2;eor
       7370;20230901;    1;  3253.00;   490.00;   530.00;    0.3;eor
       7370;20230902;    1;  2979.00;   665.00;  1933.00;    9.9;eor
       7370;20230903;    1;  2889.00;  1062.00;  1482.00;    6.4;eor
       7370;20230904;    1;  2756.00;   222.00;  2183.00;   12.5;eor
       7370;20230905;    1;  2719.00;   310.00;  2165.00;   12.4;eor
       7370;20230906;    1;  2673.00;   251.00;  2174.00;   12.4;eor
       7370;20230907;    1;  2767.00;   245.00;  2156.00;   12.4;eor
       7370;20230908;    1;  2705.00;   307.00;  2119.00;   12.3;eor
       7370;20230909;    1;  2821.00;   299.00;  2079.00;   12.3;eor
       7370;20230910;    1;  2961.00;   410.00;  1983.00;   12.1;eor
       7370;20230911;    1;  2999.00;   481.00;  1864.00;   10.8;eor
       7370;20230912;    1;  3050.00;   520.00;  1828.00;   11.4;eor
       7370;20230913;    1;  3161.00;   879.00;  1133.00;    4.6;eor
       7370;20230914;    1;  2935.00;   845.00;  1477.00;    6.1;eor
       7370;20230915;    1;  2707.00;   283.00;  1944.00;   11.9;eor
       7370;20230916;    1;  2723.00;   229.00;  1916.00;   11.8;eor
       7370;20230917;    1;  2868.00;   453.00;  1769.00;   10.7;eor
       7370;20230918;    1;  3058.00;   532.00;  1137.00;    6.0;eor
       7370;20230919;    1;  2908.00;   652.00;  1289.00;    6.0;eor
       7370;20230920;    1;  2744.00;   241.00;  1816.00;   11.6;eor
       7370;20230921;    1;  2846.00;   274.00;  1760.00;   10.6;eor
       7370;20230922;    1;  3097.00;   387.00;   397.00;    0.0;eor
       7370;20230923;    1;     -999;   667.00;   974.00;    3.5;eor
       7370;20230924;    1;  2536.00;   529.00;  1607.00;    9.3;eor
       7370;20230925;    1;     -999;   253.00;  1704.00;   11.0;eor
       7370;20230926;    1;  2774.00;   475.00;  1575.00;   11.1;eor
       7370;20230927;    1;  2854.00;   485.00;  1487.00;    9.8;eor
       7370;20230928;    1;     -999;     -999;     -999;-999;eor
       7370;20230929;    1;  2988.00;   481.00;  1355.00;    7.5;eor
       7370;20230930;    1;  3060.00;   376.00;   472.00;    2.1;eor
       7370;20231001;    1;  2715.00;   356.00;  1461.00;    9.1;eor
       7370;20231002;    1;  2748.00;   372.00;  1504.00;   10.7;eor
       7370;20231003;    1;  2982.00;   427.00;  1342.00;    8.1;eor
       7370;20231004;    1;     -999;   499.00;  1292.00;    7.9;eor
       7370;20231005;    1;  2656.00;   580.00;  1018.00;    5.7;eor
       7370;20231006;    1;  2590.00;   491.00;  1335.00;    9.6;eor
       7370;20231007;    1;  2849.00;   693.00;   991.00;    3.9;eor
       7370;20231008;    1;  3134.00;   226.00;   233.00;    0.0;eor
       7370;20231009;    1;  3056.00;   406.00;   420.00;    0.1;eor
       7370;20231010;    1;  2820.00;   548.00;   996.00;    5.8;eor
       7370;20231011;    1;  2784.00;   358.00;  1181.00;    7.8;eor
       7370;20231012;    1;  3075.00;   534.00;   636.00;    1.4;eor
       7370;20231013;    1;  2942.00;   365.00;  1214.00;    9.0;eor
       7370;20231014;    1;     -999;   332.00;   352.00;    0.2;eor
       7370;20231015;    1;     -999;   532.00;   740.00;    3.6;eor
       7370;20231016;    1;  2461.00;   421.00;  1092.00;    6.1;eor
       7370;20231017;    1;  2292.00;   616.00;   791.00;    4.2;eor
       7370;20231018;    1;     -999;   665.00;   976.00;    7.5;eor
       7370;20231019;    1;  2890.00;   425.00;   565.00;    2.2;eor
       7370;20231020;    1;  3006.00;   417.00;   443.00;    0.3;eor
       7370;20231021;    1;  2993.00;   400.00;   884.00;    4.2;eor
       7370;20231022;    1;  2638.00;   342.00;   885.00;    5.3;eor
       7370;20231023;    1;     -999;   382.00;   847.00;    6.0;eor
       7370;20231024;    1;  2996.00;   265.00;   267.00;    0.0;eor
       7370;20231025;    1;  2903.00;   375.00;   833.00;    3.8;eor
       7370;20231026;    1;  3058.00;   290.00;   302.00;    0.1;eor
       7370;20231027;    1;  2949.00;   237.00;   264.00;    0.7;eor
       7370;20231028;    1;  2862.00;   402.00;   598.00;    2.6;eor
       7370;20231029;    1;  2650.00;   340.00;   788.00;    5.9;eor
       7370;20231030;    1;  2819.00;   321.00;   631.00;    4.4;eor
       7370;20231031;    1;     -999;   226.00;   234.00;    0.0;eor
       7370;20231101;    1;  2739.00;   403.00;   874.00;    6.2;eor
       7370;20231102;    1;  2818.00;   308.00;   318.00;    0.2;eor
       7370;20231103;    1;  2897.00;   207.00;   210.00;    0.0;eor
       7370;20231104;    1;  2602.00;   244.00;   848.00;    6.2;eor
       7370;20231105;    1;  2873.00;   290.00;   317.00;    0.4;eor
       7370;20231106;    1;  2755.00;   337.00;   512.00;    2.6;eor
       7370;20231107;    1;  2657.00;   272.00;   548.00;    3.8;eor
       7370;20231108;    1;  2626.00;   325.00;   414.00;    1.6;eor
       7370;20231109;    1;     -999;   410.00;   576.00;    4.0;eor
       7370;20231110;    1;  2674.00;   189.00;   197.00;    0.3;eor
       7370;20231111;    1;     -999;   156.00;   158.00;    0.1;eor
       7370;20231112;    1;  2739.00;   231.00;   239.00;    0.1;eor
       7370;20231113;    1;  2988.00;    86.00;    87.00;    0.0;eor
       7370;20231114;    1;  2889.00;   144.00;   146.00;    0.0;eor
       7370;20231115;    1;  2935.00;   243.00;   300.00;    1.4;eor
       7370;20231116;    1;  2837.00;   347.00;   396.00;    1.0;eor
       7370;20231117;    1;  2300.00;   331.00;   522.00;    3.9;eor
       7370;20231118;    1;  2307.00;   244.00;   661.00;    6.8;eor
       7370;20231119;    1;  2846.00;   111.00;   115.00;    0.0;eor
       7370;20231120;    1;  2932.00;   200.00;   224.00;    0.7;eor
       7370;20231121;    1;  2877.00;   190.00;   191.00;    0.0;eor
       7370;20231122;    1;  2667.00;    79.00;    79.00;    0.0;eor
       7370;20231123;    1;     -999;   168.00;   178.00;    0.3;eor
       7370;20231124;    1;  2714.00;   228.00;   284.00;    1.2;eor
       7370;20231125;    1;  2530.00;   157.00;   160.00;    0.2;eor
       7370;20231126;    1;     -999;   389.00;   444.00;    1.6;eor
       7370;20231127;    1;  2740.00;   216.00;   220.00;    0.0;eor
       7370;20231128;    1;  2667.00;   176.00;   179.00;    0.0;eor
       7370;20231129;    1;  2512.00;   271.00;   274.00;    0.1;eor
       7370;20231130;    1;  2508.00;   329.00;   391.00;    1.3;eor
       7370;20231201;    1;  2664.00;   138.00;   139.00;    0.0;eor
       7370;20231202;    1;  2536.00;   211.00;   211.00;    0.0;eor
       7370;20231203;    1;  2295.00;   237.00;   241.00;    0.0;eor
       7370;20231204;    1;  2116.00;   315.00;   361.00;    1.5;eor
       7370;20231205;    1;  2590.00;   333.00;   343.00;    0.5;eor
       7370;20231206;    1;     -999;     -999;     -999;-999;eor
       7370;20231207;    1;  2284.00;   320.00;   350.00;    0.9;eor
       7370;20231208;    1;  2409.00;   263.00;   271.00;    0.1;eor
       7370;20231209;    1;  2750.00;   205.00;   208.00;    0.0;eor
       7370;20231210;    1;  2784.00;   148.00;   150.00;    0.2;eor
       7370;20231211;    1;  2872.00;   198.00;   236.00;    0.8;eor
       7370;20231212;    1;  2876.00;   183.00;   197.00;    0.4;eor
       7370;20231213;    1;  2932.00;   194.00;   197.00;    0.0;eor
       7370;20231214;    1;  2849.00;   109.00;   109.00;    0.0;eor
       7370;20231215;    1;  2687.00;   167.00;   169.00;    0.0;eor
       7370;20231216;    1;  2583.00;   185.00;   218.00;    0.7;eor
       7370;20231217;    1;  2183.00;   185.00;   470.00;    7.4;eor
       7370;20231218;    1;  2106.00;   104.00;   517.00;    7.5;eor
       7370;20231219;    1;     -999;   164.00;   390.00;    3.7;eor
       7370;20231220;    1;  2802.00;   114.00;   128.00;    0.2;eor
       7370;20231221;    1;  2868.00;    32.00;    34.00;    0.0;eor
       7370;20231222;    1;  2750.00;   102.00;   105.00;    0.0;eor
       7370;20231223;    1;  2891.00;    57.00;    58.00;    0.0;eor
       7370;20231224;    1;  2988.00;    41.00;    44.00;    0.0;eor
       7370;20231225;    1;  3006.00;    56.00;    58.00;    0.0;eor
       7370;20231226;    1;  2928.00;    45.00;    46.00;    0.0;eor
       7370;20231227;    1;  2427.00;   237.00;   311.00;    1.3;eor
       7370;20231228;    1;  2703.00;   114.00;   116.00;    0.0;eor
       7370;20231229;    1;     -999;   206.00;   234.00;    0.7;eor
       7370;20231230;    1;     -999;   170.00;   175.00;    0.0;eor
       7370;20231231;    1;  2452.00;   257.00;   268.00;    0.4;eor
       7370;20240101;    1;  2690.00;   193.00;   199.00;    0.4;eor
       7370;20240102;    1;  2844.00;    49.00;    49.00;    0.0;eor
       7370;20240103;    1;  2935.00;    93.00;    94.00;    0.0;eor
       7370;20240104;    1;  2884.00;    96.00;    98.00;    0.0;eor
       7370;20240105;    1;     -999;   248.00;   273.00;    0.5;eor
       7370;20240106;    1;  2780.00;   186.00;   188.00;    0.0;eor
       7370;20240107;    1;  2536.00;   108.00;   108.00;    0.0;eor
       7370;20240108;    1;  2228.00;   148.00;   149.00;    0.0;eor
       7370;20240109;    1;  1698.00;   137.00;   589.00;    7.7;eor
       7370;20240110;    1;  1877.00;   138.00;   562.00;    7.7;eor
       7370;20240111;    1;  1927.00;   153.00;   581.00;    7.7;eor
       7370;20240112;    1;  2220.00;   211.00;   518.00;    5.0;eor
       7370;20240113;    1;  2543.00;    73.00;    74.00;    0.0;eor
       7370;20240114;    1;     -999;    76.00;    79.00;    0.0;eor
       7370;20240115;    1;  2547.00;   115.00;   119.00;    0.0;eor
       7370;20240116;    1;  2327.00;   236.00;   237.00;    0.0;eor
       7370;20240117;    1;  2569.00;   189.00;   189.00;    0.0;eor
       7370;20240118;    1;  2803.00;    77.00;    79.00;    0.0;eor
       7370;20240119;    1;  2326.00;   229.00;   350.00;    1.8;eor
       7370;20240120;    1;  2080.00;   252.00;   544.00;    5.2;eor
       7370;20240121;    1;  2012.00;   353.00;   550.00;    5.4;eor
       7370;20240122;    1;  2611.00;   163.00;   171.00;    0.1;eor
       7370;20240123;    1;  2745.00;   221.00;   278.00;    1.1;eor
       7370;20240124;    1;  2817.00;   160.00;   164.00;    0.1;eor
       7370;20240125;    1;  2604.00;   244.00;   250.00;    0.1;eor
       7370;20240126;    1;  2824.00;    71.00;    73.00;    0.0;eor
       7370;20240127;    1;     -999;   231.00;   597.00;    6.0;eor
       7370;20240128;    1;  1957.00;   124.00;   796.00;    8.5;eor
       7370;20240129;    1;  2062.00;   157.00;   772.00;    7.6;eor
       7370;20240130;    1;     -999;   334.00;   716.00;    5.9;eor
       7370;20240131;    1;     -999;   198.00;   201.00;    0.0;eor
